                  0    3.860846841e-05        0.561065822    2.282987698e-09        1.385141718        -2.65173545      0.01216128136                 -0                 -0
                  0    3.860846841e-05        0.561065822    2.282987698e-09        1.385141718        -2.65173545      0.01216128136                  0                  0
               0.02     -0.03560783308       0.5617772065     -0.01443895348        1.385430497       -2.651492224      0.01216128136                  0                  0
               0.02     -0.03560783308       0.5617772065     -0.01443895348        1.385430497       -2.651492224      0.01216128136                  0                  0
             0.9125       -1.626330287        2.045056979      -0.6587773546        1.986276052       -2.640638281      0.01216128136                  0                  0
             1.1225       -8.357975308        3.907378417        2.460999417        1.549989115       -3.165862111        -5.17466543                  0                  0
             1.2575       -10.80604289        6.494520873        1.846395135       0.9684908507       -3.864441944        -5.17466543                  0                  0
             1.4675        8.861186299        7.006789671        -0.78916466       0.7815298271       -3.773678894        5.996586121                  0                  0
               1.55        7.924887128        5.621938614      -0.9604689614       0.9258746009       -3.278960539        5.996586121                  0                  0
               1.65         6.78997904        4.150451997       -1.168110539        1.138732551       -2.679301927        5.996586121                  0                  0
                1.8        5.087616909        2.368812604       -1.479572905        1.535885067       -1.779814009        5.996586121                  0                  0
                1.9        3.952708822        1.464780031       -1.687214482        1.852563806       -1.180155396        5.996586121                  0                  0
               1.94        3.498745587        1.166721855       -1.770271113         1.99086323      -0.9402919516        5.996586121                  0                  0
               2.04          2.3638375        0.580463546       -1.977912691         2.36568161      -0.3406333394        5.996586121                  0                  0
              2.095        1.739638052       0.3547723906       -2.092115558        2.589533164     -0.01082110274        5.996586121                  0                  0
              2.095        1.739638052       0.3547723906       -2.092115558        2.589533164     -0.01082110274        5.996586121                  0                  0
             2.1925       0.6331026671       0.1234301705       -2.294566096        3.017234625       0.5738460441        5.996586121                  0                  0
             2.4025       -2.414652352        0.437015307        5.248533388        2.232774443        2.144920956        9.709270636                  0                  0
             2.5475       -4.681001268        1.465885082        3.394638155        0.979514569        3.552765198        9.709270636                  0                  0
             2.7575        2.798328512        2.037826118      -0.1705357261       0.4483909393        3.870148019       -6.909236086                  0                  0
              2.865        2.332491875        1.486262926      -0.4172542744       0.5115783644         3.12740514       -6.909236086                  0                  0
              2.865        2.332491875        1.486262926      -0.4172542744       0.5115783644         3.12740514       -6.909236086                  0                  0
               2.92        2.094156852        1.242797246      -0.5434823689       0.5644188797        2.747397155       -6.909236086                  0                  0
               3.02        1.660820446       0.8672995162      -0.7729879953       0.6960659162        2.056473546       -6.909236086                  0                  0
              3.098        1.322818049       0.6345757136      -0.9520023839       0.8306151657        1.517553132       -6.909236086                  0                  0
              3.098        1.322818049       0.6345757136      -0.9876467011       0.8306151657        1.517553132       -6.909236086                  0                  0
        3.528519143      -0.5472390701       0.2663965159       -2.011547247        2.121825574     -0.01421787568     -0.04336877976                  0                  0
        3.528519143      -0.5472390701       0.2663965159       -2.102601476        2.121825574     -0.01421787568     -0.04336877976                  0                  0
        3.666519143       -1.220397058       0.5103303017       -2.455169924        2.750798027     -0.02020276729     -0.04336877976                  0                  0
        3.766519143       -1.708192702       0.8031892777       -2.710654307         3.26738045     -0.02453964527     -0.04336877976                  0                  0
        3.849019143       -2.110624108        1.118241665       -2.921428922        3.732027316      -0.0281175696     -0.04336877976                  0                  0
        4.059019143       -9.294243613        3.192719843        5.109453956        3.181942847       -0.044962416      -0.1234000762                  0                  0
        4.199019143       -13.12596566        6.331549141        3.916813816        1.918265358     -0.06223842667      -0.1234000762                  0                  0
        4.409019143         10.8962304         6.95679287       -1.921258035         1.57705269     -0.06416809216       0.1061330352                  0                  0
        4.549019143        8.486801588        4.243168392       -2.337713709        2.173308734     -0.04930946724       0.1061330352                  0                  0
        4.759019143        1.609655498        2.348001203        1.609602177        2.347994589     -0.03491427433      0.03510766604                  0                  0
        4.866519143        1.445246931        2.019599192        1.445201006        2.019603247     -0.03114020023      0.03510766604                  0                  0
        4.866519143        1.445246931        2.019599192        1.445201006        2.019603247     -0.03114020023      0.03510766604                  0                  0
        4.911519143         1.37642474        1.892623966        1.376381911        1.892632016     -0.02956035526      0.03510766604                  0                  0
        4.911519143         1.37642474        1.892623966        1.376381911        1.892632016     -0.02956035526      0.03510766604                  0                  0
        4.911519143         1.37642474        1.892623966        1.376381911        1.892632016     -0.02956035526      0.03510766604                  0                  0
        4.936519143         1.33819019        1.824758593         1.33814908        1.824768741     -0.02868266361      0.03510766604                  0                  0
        4.936519143         1.33819019        1.824758593         1.33814908        1.824768741     -0.02868266361      0.03510766604                  0                  0
        4.961519143        1.299955639        1.758804948         1.29991625        1.758817108     -0.02780497196      0.03510766604                  0                  0
        4.961519143        1.299955639        1.758804948         1.29991625        1.758817108     -0.02780497196      0.03510766604                  0                  0
        4.986519143        1.261721089        1.694763029        1.261683419        1.694777116      -0.0269272803      0.03510766604                  0                  0
        4.986519143        1.261721089        1.694763029        1.261683419        1.694777116      -0.0269272803      0.03510766604                  0                  0
        5.011519143        1.223486538        1.632632839        1.223450589        1.632648766     -0.02604958865      0.03510766604                  0                  0
        5.011519143        1.223486538        1.632632839        1.223450589        1.632648766     -0.02604958865      0.03510766604                  0                  0
        5.036519143        1.185251988        1.572414376        1.185217758        1.572432058       -0.025171897      0.03510766604                  0                  0
        5.036519143        1.185251988        1.572414376        1.185217758        1.572432058       -0.025171897      0.03510766604                  0                  0
        5.061519143        1.147017437         1.51410764        1.146984928         1.51412699     -0.02429420535      0.03510766604                  0                  0
        5.061519143        1.147017437         1.51410764        1.146984928         1.51412699     -0.02429420535      0.03510766604                  0                  0
        5.086519143        1.108782887        1.457712632        1.108752097        1.457733565      -0.0234165137      0.03510766604                  0                  0
        5.086519143        1.108782887        1.457712632        1.108752097        1.457733565      -0.0234165137      0.03510766604                  0                  0
        5.111519143        1.070548336        1.403229351        1.070519267        1.403251781     -0.02253882205      0.03510766604                  0                  0
        5.111519143        1.070548336        1.403229351        1.070519267        1.403251781     -0.02253882205      0.03510766604                  0                  0
        5.136519143        1.032313786        1.350657798        1.032286436        1.350681638      -0.0216611304      0.03510766604                  0                  0
        5.136519143        1.032313786        1.350657798        1.032286436        1.350681638      -0.0216611304      0.03510766604                  0                  0
        5.161519143       0.9940792351        1.299997973       0.9940536055        1.300023137     -0.02078343875      0.03510766604                  0                  0
        5.161519143       0.9940792351        1.299997973       0.9940536055        1.300023137     -0.02078343875      0.03510766604                  0                  0
        5.186519143       0.9558446846        1.251249875        0.955820775        1.251276278      -0.0199057471      0.03510766604                  0                  0
        5.186519143       0.9558446846        1.251249875        0.955820775        1.251276278      -0.0199057471      0.03510766604                  0                  0
        5.211519143       0.9176101341        1.204413504       0.9175879445         1.20444106     -0.01902805544      0.03510766604                  0                  0
        5.211519143       0.9176101341        1.204413504       0.9175879445         1.20444106     -0.01902805544      0.03510766604                  0                  0
        5.236519143       0.8793755836        1.159488861       0.8793551139        1.159517483     -0.01815036379      0.03510766604                  0                  0
        5.236519143       0.8793755836        1.159488861       0.8793551139        1.159517483     -0.01815036379      0.03510766604                  0                  0
        5.261519143       0.8411410331        1.116475946       0.8411222834        1.116505548     -0.01727267214      0.03510766604                  0                  0
        5.261519143       0.8411410331        1.116475946       0.8411222834        1.116505548     -0.01727267214      0.03510766604                  0                  0
        5.286519143       0.8029064826        1.075374758       0.8028894529        1.075405255     -0.01639498049      0.03510766604                  0                  0
        5.286519143       0.8029064826        1.075374758       0.8028894529        1.075405255     -0.01639498049      0.03510766604                  0                  0
        5.311519143       0.7646719321        1.036185298       0.7646566224        1.036216603     -0.01551728884      0.03510766604                  0                  0
        5.311519143       0.7646719321        1.036185298       0.7646566224        1.036216603     -0.01551728884      0.03510766604                  0                  0
        5.336519143       0.7264373816       0.9989075648       0.7264237919       0.9989395926     -0.01463959719      0.03510766604                  0                  0
        5.336519143       0.7264373816       0.9989075648       0.7264237919       0.9989395926     -0.01463959719      0.03510766604                  0                  0
        5.361519143       0.6882028311       0.9635415594       0.6881909614       0.9635742237     -0.01376190554      0.03510766604                  0                  0
        5.361519143       0.6882028311       0.9635415594       0.6881909614       0.9635742237     -0.01376190554      0.03510766604                  0                  0
        5.386519143       0.6499682805       0.9300872817       0.6499581309       0.9301204964     -0.01288421389      0.03510766604                  0                  0
        5.386519143       0.6499682805       0.9300872817       0.6499581309       0.9301204964     -0.01288421389      0.03510766604                  0                  0
        5.411519143         0.61173373       0.8985447314       0.6117253004       0.8985784107     -0.01200652224      0.03510766604                  0                  0
        5.411519143         0.61173373       0.8985447314       0.6117253004       0.8985784107     -0.01200652224      0.03510766604                  0                  0
        5.436519143       0.5734991795       0.8689139087       0.5734924698       0.8689479664     -0.01112883058      0.03510766604                  0                  0
        5.436519143       0.5734991795       0.8689139087       0.5734924698       0.8689479664     -0.01112883058      0.03510766604                  0                  0
        5.461519143        0.535264629       0.8411948134       0.5352596393       0.8412291637     -0.01025113893      0.03510766604                  0                  0
        5.461519143        0.535264629       0.8411948134       0.5352596393       0.8412291637     -0.01025113893      0.03510766604                  0                  0
        5.486519143       0.4970300785       0.8153874457       0.4970268088       0.8154220025    -0.009373447282      0.03510766604                  0                  0
        5.486519143       0.4970300785       0.8153874457       0.4970268088       0.8154220025    -0.009373447282      0.03510766604                  0                  0
        5.511519143        0.458795528       0.7914918056       0.4587939783       0.7915264828    -0.008495755631      0.03510766604                  0                  0
        5.511519143        0.458795528       0.7914918056       0.4587939783       0.7915264828    -0.008495755631      0.03510766604                  0                  0
        5.536519143       0.4205609775       0.7695078929       0.4205611478       0.7695426046     -0.00761806398      0.03510766604                  0                  0
        5.536519143       0.4205609775       0.7695078929       0.4205611478       0.7695426046     -0.00761806398      0.03510766604                  0                  0
        5.561519143        0.382326427       0.7494357078       0.3823283173        0.749470368    -0.006740372329      0.03510766604                  0                  0
        5.561519143        0.382326427       0.7494357078       0.3823283173        0.749470368    -0.006740372329      0.03510766604                  0                  0
        5.586519143       0.3440918765       0.7312752502       0.3440954868       0.7313097729    -0.005862680678      0.03510766604                  0                  0
        5.586519143       0.3440918765       0.7312752502       0.3440954868       0.7313097729    -0.005862680678      0.03510766604                  0                  0
        5.611519143        0.305857326       0.7150265202       0.3058626562       0.7150608193    -0.004984989027      0.03510766604                  0                  0
        5.611519143        0.305857326       0.7150265202       0.3058626562       0.7150608193    -0.004984989027      0.03510766604                  0                  0
        5.636519143       0.2676227755       0.7006895176       0.2676298257       0.7007235073    -0.004107297376      0.03510766604                  0                  0
        5.636519143       0.2676227755       0.7006895176       0.2676298257       0.7007235073    -0.004107297376      0.03510766604                  0                  0
        5.661519143        0.229388225       0.6882642426       0.2293969952       0.6882978368    -0.003229605725      0.03510766604                  0                  0
        5.661519143        0.229388225       0.6882642426       0.2293969952       0.6882978368    -0.003229605725      0.03510766604                  0                  0
        5.686519143       0.1911536745       0.6777506951       0.1911641647       0.6777838078    -0.002351914074      0.03510766604                  0                  0
        5.686519143       0.1911536745       0.6777506951       0.1911641647       0.6777838078    -0.002351914074      0.03510766604                  0                  0
        5.711519143        0.152919124       0.6691488752       0.1529313342       0.6691814203    -0.001474222422      0.03510766604                  0                  0
        5.711519143        0.152919124       0.6691488752       0.1529313342       0.6691814203    -0.001474222422      0.03510766604                  0                  0
        5.736519143       0.1146845735       0.6624587827       0.1146985037       0.6624906743   -0.0005965307713      0.03510766604                  0                  0
        5.736519143       0.1146845735       0.6624587827       0.1146985037       0.6624906743   -0.0005965307713      0.03510766604                  0                  0
        5.761519143        0.076450023       0.6576804178      0.07646567317       0.6577115699    0.0002811608798      0.03510766604                  0                  0
        5.761519143        0.076450023       0.6576804178      0.07646567317       0.6577115699    0.0002811608798      0.03510766604                  0                  0
        5.786519143       0.0382154725       0.6548137804      0.03823284266        0.654844107     0.001158852531      0.03510766604                  0                  0
        5.786519143       0.0382154725       0.6548137804      0.03823284266        0.654844107     0.001158852531      0.03510766604                  0                  0
        5.811519143   -1.907800739e-05       0.6538588706    1.214667529e-08       0.6538882857     0.002036544182      0.03510766604                  0                  0
        5.811519143   -1.907800739e-05       0.6538588706    1.214667529e-08       0.6538882857     0.002036544182      0.03510766604                  0                  0
        5.811519143   -1.907800739e-05       0.6538588706    1.214667529e-08       0.6538882857     0.002036544182      0.03510766604                  0                  0
        5.836519143     -0.03825362851       0.6548156882     -0.03823281837       0.6548441058     0.002914235833      0.03510766604                  0                  0
        5.836519143     -0.03825362851       0.6548156882     -0.03823281837       0.6548441058     0.002914235833      0.03510766604                  0                  0
        5.861519143     -0.07648817901       0.6576842334     -0.07646564888       0.6577115675     0.003791927484      0.03510766604                  0                  0
        5.861519143     -0.07648817901       0.6576842334     -0.07646564888       0.6577115675     0.003791927484      0.03510766604                  0                  0
        5.886519143      -0.1147227295       0.6624645061      -0.1146984794       0.6624906707     0.004669619135      0.03510766604                  0                  0
        5.886519143      -0.1147227295       0.6624645061      -0.1146984794       0.6624906707     0.004669619135      0.03510766604                  0                  0
        5.911519143        -0.15295728       0.6691565064      -0.1529313099       0.6691814154     0.005547310786      0.03510766604                  0                  0
        5.911519143        -0.15295728       0.6691565064      -0.1529313099       0.6691814154     0.005547310786      0.03510766604                  0                  0
        5.936519143      -0.1911918305       0.6777602341      -0.1911641404       0.6777838017     0.006425002437      0.03510766604                  0                  0
        5.936519143      -0.1911918305       0.6777602341      -0.1911641404       0.6777838017     0.006425002437      0.03510766604                  0                  0
        5.961519143       -0.229426381       0.6882756894      -0.2293969709       0.6882978295     0.007302694088      0.03510766604                  0                  0
        5.961519143       -0.229426381       0.6882756894      -0.2293969709       0.6882978295     0.007302694088      0.03510766604                  0                  0
        5.986519143      -0.2676609315       0.7007028722      -0.2676298014       0.7007234988      0.00818038574      0.03510766604                  0                  0
        5.986519143      -0.2676609315       0.7007028722      -0.2676298014       0.7007234988      0.00818038574      0.03510766604                  0                  0
        6.011519143       -0.305895482       0.7150417826       -0.305862632       0.7150608096     0.009058077391      0.03510766604                  0                  0
        6.011519143       -0.305895482       0.7150417826       -0.305862632       0.7150608096     0.009058077391      0.03510766604                  0                  0
        6.036519143      -0.3441300325       0.7312924204      -0.3440954625        0.731309762     0.009935769042      0.03510766604                  0                  0
        6.036519143      -0.3441300325       0.7312924204      -0.3440954625        0.731309762     0.009935769042      0.03510766604                  0                  0
        6.061519143       -0.382364583       0.7494547858       -0.382328293       0.7494703559      0.01081346069      0.03510766604                  0                  0
        6.061519143       -0.382364583       0.7494547858       -0.382328293       0.7494703559      0.01081346069      0.03510766604                  0                  0
        6.086519143      -0.4205991335       0.7695288788      -0.4205611235       0.7695425913      0.01169115234      0.03510766604                  0                  0
        6.086519143      -0.4205991335       0.7695288788      -0.4205611235       0.7695425913      0.01169115234      0.03510766604                  0                  0
        6.111519143       -0.458833684       0.7915146992       -0.458793954       0.7915264682        0.012568844      0.03510766604                  0                  0
        6.111519143       -0.458833684       0.7915146992       -0.458793954       0.7915264682        0.012568844      0.03510766604                  0                  0
        6.136519143      -0.4970682346       0.8154122472      -0.4970267845       0.8154219867      0.01344653565      0.03510766604                  0                  0
        6.136519143      -0.4970682346       0.8154122472      -0.4970267845       0.8154219867      0.01344653565      0.03510766604                  0                  0
        6.161519143      -0.5353027851       0.8412215226       -0.535259615       0.8412291467       0.0143242273      0.03510766604                  0                  0
        6.161519143      -0.5353027851       0.8412215226       -0.535259615       0.8412291467       0.0143242273      0.03510766604                  0                  0
        6.186519143      -0.5735373356       0.8689425257      -0.5734924455       0.8689479482      0.01520191895      0.03510766604                  0                  0
        6.186519143      -0.5735373356       0.8689425257      -0.5734924455       0.8689479482      0.01520191895      0.03510766604                  0                  0
        6.211519143      -0.6117718861       0.8985752562      -0.6117252761       0.8985783912       0.0160796106      0.03510766604                  0                  0
        6.211519143      -0.6117718861       0.8985752562      -0.6117252761       0.8985783912       0.0160796106      0.03510766604                  0                  0
        6.236519143      -0.6500064366       0.9301197143      -0.6499581066       0.9301204758      0.01695730225      0.03510766604                  0                  0
        6.236519143      -0.6500064366       0.9301197143      -0.6499581066       0.9301204758      0.01695730225      0.03510766604                  0                  0
        6.261519143      -0.6882409871       0.9635758999      -0.6881909371       0.9635742019       0.0178349939      0.03510766604                  0                  0
        6.261519143      -0.6882409871       0.9635758999      -0.6881909371       0.9635742019       0.0178349939      0.03510766604                  0                  0
        6.286519143      -0.7264755376        0.998943813      -0.7264237676       0.9989395695      0.01871268555      0.03510766604                  0                  0
        6.286519143      -0.7264755376        0.998943813      -0.7264237676       0.9989395695      0.01871268555      0.03510766604                  0                  0
        6.311519143      -0.7647100881        1.036223454      -0.7646565981        1.036216579       0.0195903772      0.03510766604                  0                  0
        6.311519143      -0.7647100881        1.036223454      -0.7646565981        1.036216579       0.0195903772      0.03510766604                  0                  0
        6.336519143      -0.8029446386        1.075414822      -0.8028894286        1.075405229      0.02046806885      0.03510766604                  0                  0
        6.336519143      -0.8029446386        1.075414822      -0.8028894286        1.075405229      0.02046806885      0.03510766604                  0                  0
        6.361519143      -0.8411791891        1.116517917      -0.8411222591        1.116505522      0.02134576051      0.03510766604                  0                  0
        6.361519143      -0.8411791891        1.116517917      -0.8411222591        1.116505522      0.02134576051      0.03510766604                  0                  0
        6.386519143      -0.8794137396        1.159532741      -0.8793550896        1.159517455      0.02222345216      0.03510766604                  0                  0
        6.386519143      -0.8794137396        1.159532741      -0.8793550896        1.159517455      0.02222345216      0.03510766604                  0                  0
        6.411519143      -0.9176482901        1.204459291      -0.9175879202         1.20444103      0.02310114381      0.03510766604                  0                  0
        6.411519143      -0.9176482901        1.204459291      -0.9175879202         1.20444103      0.02310114381      0.03510766604                  0                  0
        6.436519143      -0.9558828406         1.25129757      -0.9558207507        1.251276247      0.02397883546      0.03510766604                  0                  0
        6.436519143      -0.9558828406         1.25129757      -0.9558207507        1.251276247      0.02397883546      0.03510766604                  0                  0
        6.461519143      -0.9941173911        1.300047575      -0.9940535812        1.300023106      0.02485652711      0.03510766604                  0                  0
        6.461519143      -0.9941173911        1.300047575      -0.9940535812        1.300023106      0.02485652711      0.03510766604                  0                  0
        6.486519143       -1.032351942        1.350709309       -1.032286412        1.350681605      0.02573421876      0.03510766604                  0                  0
        6.486519143       -1.032351942        1.350709309       -1.032286412        1.350681605      0.02573421876      0.03510766604                  0                  0
        6.511519143       -1.070586492         1.40328277       -1.070519242        1.403251747      0.02661191041      0.03510766604                  0                  0
        6.511519143       -1.070586492         1.40328277       -1.070519242        1.403251747      0.02661191041      0.03510766604                  0                  0
        6.536519143       -1.108821043        1.457767958       -1.108752073         1.45773353      0.02748960206      0.03510766604                  0                  0
        6.536519143       -1.108821043        1.457767958       -1.108752073         1.45773353      0.02748960206      0.03510766604                  0                  0
        6.561519143       -1.147055593        1.514164874       -1.146984903        1.514126954      0.02836729371      0.03510766604                  0                  0
        6.561519143       -1.147055593        1.514164874       -1.146984903        1.514126954      0.02836729371      0.03510766604                  0                  0
        6.586519143       -1.185290144        1.572473517       -1.185217734         1.57243202      0.02924498537      0.03510766604                  0                  0
        6.586519143       -1.185290144        1.572473517       -1.185217734         1.57243202      0.02924498537      0.03510766604                  0                  0
        6.611519143       -1.223524694        1.632693888       -1.223450564        1.632648727      0.03012267702      0.03510766604                  0                  0
        6.611519143       -1.223524694        1.632693888       -1.223450564        1.632648727      0.03012267702      0.03510766604                  0                  0
        6.636519143       -1.261759245        1.694825987       -1.261683395        1.694777076      0.03100036867      0.03510766604                  0                  0
        6.636519143       -1.261759245        1.694825987       -1.261683395        1.694777076      0.03100036867      0.03510766604                  0                  0
        6.661519143       -1.299993795        1.758869813       -1.299916225        1.758817067      0.03187806032      0.03510766604                  0                  0
        6.661519143       -1.299993795        1.758869813       -1.299916225        1.758817067      0.03187806032      0.03510766604                  0                  0
        6.686519143       -1.338228346        1.824825366       -1.338149056        1.824768699      0.03275575197      0.03510766604                  0                  0
        6.686519143       -1.338228346        1.824825366       -1.338149056        1.824768699      0.03275575197      0.03510766604                  0                  0
        6.711519143       -1.376462896        1.892692647       -1.376381886        1.892631972      0.03363344362      0.03510766604                  0                  0
        6.711519143       -1.376462896        1.892692647       -1.376381886        1.892631972      0.03363344362      0.03510766604                  0                  0
        6.756519143       -1.445285087        2.019671307       -1.445200981        2.019603201      0.03521328859      0.03510766604                  0                  0
        6.756519143       -1.445285087        2.019671307       -1.445200981        2.019603201      0.03521328859      0.03510766604                  0                  0
        6.864019143       -1.609693654        2.348081521       -1.609602152        2.347994538      0.03898736269      0.03510766604                  0                  0
        7.074019143        -7.72407405        4.118250806        2.004985059        2.254481093      0.05335912415       0.1054969073                  0                  0
        7.214019143       -9.786256562        6.569697092        1.693252521        1.736727831      0.06812869117       0.1054969073                  0                  0
        7.424019143        10.36479448        6.414861825       -3.934399455        2.129499622      0.06805080937      -0.1061999845                  0                  0
        7.564019143        7.998406011        3.844013756       -5.017813533         3.38280944      0.05318281153      -0.1061999845                  0                  0
        7.774019143      -0.5069238946        2.503643042        4.276409171         3.57424325        0.043826105      0.01311698552                  0                  0
        7.856519143      -0.5483436077         2.59070261        3.831214731        2.905364278      0.04490825631      0.01311698552                  0                  0
        7.956519143      -0.5985493205        2.705391903        3.291585107        2.193084294      0.04621995486      0.01311698552                  0                  0
        8.088390093      -0.6647560709        2.871985185        2.579970396        1.418796692       0.0479497042      0.01311698552                  0                  0
        8.088390093      -0.6647560709        2.871985185        2.511047406        1.418796692       0.0479497042      0.01311698552                  0                  0
        8.897686479        1.773546072        1.387797201       -1.656005373       0.7268142646        5.336649683        11.83994554                  0                  0
        8.897686479        1.773546072        1.387797201       -1.691312907       0.7268142646        5.336649683        11.83994554                  0                  0
        9.059557429        1.290024081       0.8918941903        -2.55110502        1.413538485        7.253192915        11.83994554                  0                  0
        9.159557429       0.9913157636       0.6637602059       -3.082264016        1.976875388        8.437187469        11.83994554                  0                  0
        9.214557429        0.827026189       0.5637513985       -3.374401463         2.33199199        9.088384473        11.83994554                  0                  0
        9.214557429        0.827026189       0.5637513985       -3.374401463         2.33199199        9.088384473        11.83994554                  0                  0
        9.322057429       0.5059147477       0.4204602478       -3.945397384        3.118870366        10.36117862        11.83994554                  0                  0
        9.532057429       -1.354271952       0.5705804413        4.747341446        2.907876755        16.25772671        47.01349101                  0                  0
        9.659557429       -1.987559864       0.9966639978        3.715317144        1.828887784        22.25194682        47.01349101                  0                  0
        9.759557429       -2.484256266        1.443845611        2.905886319        1.166767438        26.95329592        47.01349101                  0                  0
        9.887057429       -3.117544177        2.158075167        1.873862017       0.5573495251        32.94751602        47.01349101                  0                  0
        10.09705743        2.442835296        2.329850752     -0.06713047936        0.231303185        33.99483574        -37.4643948                  0                  0
        10.22455743        2.061545142        1.755542242      -0.6208391537       0.3190193139        29.21812536        -37.4643948                  0                  0
        10.32455743        1.762494042        1.373138324       -1.055120463       0.4866152756        25.47168588        -37.4643948                  0                  0
        10.45205743        1.381203891       0.9723168371       -1.608829133       0.8262688492        20.69497554        -37.4643948                  0                  0
        10.66205743      -0.9679391944       0.8973817366       0.4403708448        1.121485325        17.44684231        5.277570698                  0                  0
        10.76955743         -1.1999669        1.130431642       0.3259269962        1.039108307        18.01418116        5.277570698                  0                  0
        10.76955743         -1.1999669        1.130431642       0.3259269962        1.039108307        18.01418116        5.277570698                  0                  0
        10.82455743        -1.31867875        1.268957152       0.2673743295        1.006476734        18.30444755        5.277570698                  0                  0
        10.92455743       -1.534518476        1.554276875       0.1609149354       0.9636478074        18.83220461        5.277570698                  0                  0
        11.08642838       -1.883900291        2.107619568     -0.01141189708       0.9394476086           19.68649        5.277570698                  0                  0
        11.08642838       -1.883900291        2.107619568     -0.05704883633       0.9394476086           19.68649        5.277570698                  0                  0
        11.89572477        1.400563192        2.754597909      -0.9213123566        1.731231786        18.67932775       -7.534828077                  0                  0
        11.89572477        1.400563192        2.754597909        -1.00541297        1.731231786        18.67932775       -7.534828077                  0                  0
        12.21259572         1.05988269        1.974954085       -1.373463981        2.485028785        16.29175962       -7.534828077                  0                  0
        12.21259572         1.05988269        1.974954085       -1.373463981        2.485028785        16.29175962       -7.534828077                  0                  0
        12.34759572        0.914738846        1.708380178       -1.530268783        2.877032709        15.27455783       -7.534828077                  0                  0
        12.44759572       0.8072248874        1.536183804       -1.646420488        3.194701636        14.52107502       -7.534828077                  0                  0
        12.52009572       0.7292772674        1.424787398       -1.730630475        3.439537831        13.97479999       -7.534828077                  0                  0
        12.73009572       -1.521440744        1.576327252        2.985874498        3.146080723        14.45480235        12.21964991                  0                  0
        12.89009572       -1.857896965        2.117021285        2.481605351        2.271283947        16.40994634        12.21964991                  0                  0
        12.99009572       -2.068182103        2.509629192        2.166437134        1.806479699        17.63191133        12.21964991                  0                  0
        13.15009572       -2.404638324        3.225280461        1.662167987        1.193902879        19.58705531        12.21964991                  0                  0
        13.36009572         1.24047667        3.490289189       0.2061967461       0.8289734795        19.85718567       -9.696239819                  0                  0
        13.82259572        0.904061324        2.498440367      -0.3754432819       0.9072500023        15.37267475       -9.696239819                  0                  0
        13.82259572        0.904061324        2.498440367      -0.3754432819       0.9072500023        15.37267475       -9.696239819                  0                  0
        14.52259572       0.3948921515        1.589172934       -1.255763324        2.049094627        8.585306881       -9.696239819                  0                  0
        14.52259572       0.3948921515        1.589172934       -1.255763324        2.049094627        8.585306881       -9.696239819                  0                  0
        14.98509572      0.05847680532        1.379489792       -1.837403352        3.479684215        4.100795965       -9.696239819                  0                  0
        15.19509572       -2.094080995        1.773596161        2.393014079        3.351797661        2.517020571        -5.71070117                  0                  0
        15.35509572       -2.579889463        2.521431434        2.071919929         2.63740822        1.603308383        -5.71070117                  0                  0
        15.45509572       -2.883519756        3.067772356        1.871236085        2.243092618        1.032238266        -5.71070117                  0                  0
        15.61509572       -3.369328224        4.068228033        1.550141935        1.695672135       0.1185260792        -5.71070117                  0                  0
        15.82509572       0.7948982382        4.648879284      -0.1345129805        1.417076813       -1.052253811       -5.249432595                  0                  0
        16.13259572       0.6869586885        4.193208279        -0.35543525        1.567735894       -2.666454334       -5.249432595                  0                  0
        16.13259572       0.6869586885        4.193208279        -0.35543525        1.567735894       -2.666454334       -5.249432595                  0                  0
        16.45559572       0.5735782833        3.786054837      -0.5874934388        1.872301861       -4.362021062       -5.249432595                  0                  0
        16.45559572       0.5735782833        3.786054837      -0.6678398183        1.872301861       -4.362021062       -5.249432595                  0                  0
        16.88611486        2.155667729        2.490440033       -1.000336949        2.590483893       -4.423707552        4.969441795                  0                  0
        16.88611486        2.155667729        2.490440033       -1.111502785        2.590483893       -4.423707552        4.969441795                  0                  0
        17.20911486        1.423287202         1.33443759       -1.390233187        3.398544612       -2.818577852        4.969441795                  0                  0
        17.20911486        1.423287202         1.33443759       -1.390233187        3.398544612       -2.818577852        4.969441795                  0                  0
        17.41661486       0.9527950672       0.8414005196       -1.569293739        4.012646449        -1.78741868        4.969441795                  0                  0
        17.62661486     -0.08905971252       0.6711240575        2.162095099        3.879220949      -0.8891553237        3.726335525                  0                  0
        17.71911486      -0.2279813842        0.700450359         2.02678298        3.491749727      -0.5444692876        3.726335525                  0                  0
        17.81911486      -0.3781669753       0.7610651949        1.880499608        3.101021468      -0.1718357351        3.726335525                  0                  0
        18.75411486       -1.782402251        2.781197422       0.5127500783        0.863333012        3.312287981        3.726335525                  0                  0
        18.75411486       -1.782402251        2.781197422       0.5127500783        0.863333012        3.312287981        3.726335525                  0                  0
        18.86161486       -1.943851762        3.181769728       0.3554954532       0.7699966174         3.71286905        3.726335525                  0                  0
        19.07161486        2.466041476        3.059927222       -1.087417304        0.910219025        3.925006183       -1.755730076                  0                  0
        19.16411486        2.251975649        2.623510638       -1.309209049        1.131906963        3.762601151       -1.755730076                  0                  0
        19.26411486        2.020553133         2.19625776       -1.548983909        1.417726259        3.587028144       -1.755730076                  0                  0
        19.30411486        1.927984127        2.038316269       -1.644893853        1.545481369        3.516798941       -1.755730076                  0                  0
        19.40411486        1.696561611        1.675861696       -1.884668713        1.898437626        3.341225933       -1.755730076                  0                  0
        19.68661486        1.042793003        0.901994017       -2.562032693        3.154630773        2.845232187       -1.755730076                  0                  0
        19.78661486       0.8113704874       0.7165776679       -2.801807553        3.691014797        2.669659179       -1.755730076                  0                  0
        19.87911486       0.5973046601       0.5862752167       -3.023599298        4.229864931        2.507254147       -1.755730076                  0                  0
        20.08911486      -0.5972557988       0.5862658588        3.023599297        4.229864932        2.499273118        1.677860236                  0                  0
        20.18161486      -0.8113158338       0.7165587348        2.801807552        3.691014798         2.65447519        1.677860236                  0                  0
        20.28161486       -1.042732088       0.9019635269        2.562032692        3.154630774        2.822261214        1.677860236                  0                  0
        20.56411486       -1.696483006        1.675791791        1.884668713        1.898437627         3.29625673        1.677860236                  0                  0
        20.66411486        -1.92789926        2.038230017        1.644893853         1.54548137        3.464042754        1.677860236                  0                  0
        20.70411486       -2.020465761        2.196164618        1.548983909         1.41772626        3.531157163        1.677860236                  0                  0
        20.80411486       -2.251882015        2.623399396         1.30920905        1.131906964        3.698943187        1.677860236                  0                  0
        20.89661486        -2.46594205        3.059798122        1.087417304        0.910219026        3.854145259        1.677860236                  0                  0
        21.10661486        1.943761597        3.181638468      -0.3554954539       0.7699966185        3.636610011       -3.698610384                  0                  0
        21.21411486        1.782317269        2.781084989      -0.5127500788       0.8633330133        3.239009395       -3.698610384                  0                  0
        21.21411486        1.782317269        2.781084989      -0.5127500788       0.8633330133        3.239009395       -3.698610384                  0                  0
        22.14911486       0.3781270709       0.7610695317       -1.880499607        3.101021469      -0.2191913144       -3.698610384                  0                  0
        22.24911486       0.2279463011       0.7004621945       -2.026782979        3.491749728      -0.5890523529       -3.698610384                  0                  0
        22.34161486      0.08902908894       0.6711419709       -2.162095098         3.87922095      -0.9311738134       -3.698610384                  0                  0
        22.55161486      -0.9528463814       0.8414345861        1.569293741        4.012646449       -1.827655505       -4.979919258                  0                  0
        22.75911486       -1.423343582        1.334494003        1.390233188        3.398544611       -2.860988751       -4.979919258                  0                  0
        22.75911486       -1.423343582        1.334494003        1.390233188        3.398544611       -2.860988751       -4.979919258                  0                  0
        23.08211486       -2.155731995        2.490535415        1.111502786        2.590483892       -4.469502672       -4.979919258                  0                  0
        23.08211486       -2.155731995        2.490535415         1.00033695        2.590483892       -4.469502672       -4.979919258                  0                  0
          23.512634      -0.5735688775        3.786176261       0.6678398188        1.872301859       -4.405988247        5.268206932                  0                  0
          23.512634      -0.5735688775        3.786176261       0.5874934393        1.872301859       -4.405988247        5.268206932                  0                  0
          23.835634      -0.6869447259        4.193322155       0.3554352502        1.567735892       -2.704357408        5.268206932                  0                  0
          23.835634      -0.6869447259        4.193322155       0.3554352502        1.567735892       -2.704357408        5.268206932                  0                  0
          24.143134      -0.7948799377        4.648983239       0.1345129804        1.417076811       -1.084383776        5.268206932                  0                  0
          24.353134        3.369429911        4.068304926       -1.550141933        1.695672133      0.09342713674        5.757747021                  0                  0
          24.513134        2.883603675        3.067819553       -1.871236083        2.243092615         1.01466666        5.757747021                  0                  0
          24.613134        2.579962278        2.521462957       -2.071919927        2.637408216        1.590441362        5.757747021                  0                  0
          24.773134        2.094136042        1.773607226       -2.393014077        3.351797657        2.511680886        5.757747021                  0                  0
          24.983134     -0.05843440973        1.379481991        1.837403349        3.479684211        4.105062089        9.742639125                  0                  0
          25.770634      -0.6312501384        1.922608573        0.847043303        1.365682472         11.7773904        9.742639125                  0                  0
          25.820634       -0.667619391        1.987552049       0.7841633001        1.284122142        12.26452236        9.742639125                  0                  0
          26.608134        -1.24043512        3.490144976      -0.2061967463       0.8289734807        19.93685067        9.742639125                  0                  0
          26.818134        2.404527894        3.225151928       -1.662167988        1.193902881        19.66715197       -12.26201689                  0                  0
          26.978134        2.068084611        2.509533927       -2.166437135        1.806479701        17.70522927       -12.26201689                  0                  0
          27.078134        1.857807559         2.11694471       -2.481605352        2.271283949        16.47902758       -12.26201689                  0                  0
          27.238134        1.521364276        1.576277216       -2.985874499        3.146080726        14.51710488       -12.26201689                  0                  0
          27.448134      -0.7292973046        1.424755824        1.730630477        3.439537833        14.03730644        7.579185354                  0                  0
          27.520634      -0.8072481391        1.536155369        1.646420491        3.194701638        14.58679737        7.579185354                  0                  0
          27.620634      -0.9147665316        1.708356836        1.530268785         2.87703271        15.34471591        7.579185354                  0                  0
          27.755634       -1.059916361        1.974939026        1.373463983        2.485028786        16.36790593        7.579185354                  0                  0
          27.755634       -1.059916361        1.974939026        1.373463983        2.485028786        16.36790593        7.579185354                  0                  0
        28.07250495       -1.400610913        2.754608641        1.005412971        1.731231786         18.7695296        7.579185354                  0                  0
        28.07250495       -1.400610913        2.754608641        0.921312358        1.731231786         18.7695296        7.579185354                  0                  0
        28.88180134        1.883915328        2.107674052      0.05704883647       0.9394476072        19.76127848       -5.356472485                  0                  0
        28.88180134        1.883915328        2.107674052      0.01141189729       0.9394476072        19.76127848       -5.356472485                  0                  0
        29.04367229        1.534538193        1.554325733      -0.1609149355        0.963647806        18.89422119       -5.356472485                  0                  0
        29.14367229        1.318701358        1.269001778      -0.2673743296        1.006476733        18.35857394       -5.356472485                  0                  0
        29.19867229        1.199991099        1.130473693      -0.3259269965        1.039108305        18.06396795       -5.356472485                  0                  0
        29.19867229        1.199991099        1.130473693      -0.3259269965        1.039108305        18.06396795       -5.356472485                  0                  0
        29.30617229       0.9679665011       0.8974182505      -0.4403708452        1.121485323        17.48814716       -5.356472485                  0                  0
        29.51617229       -1.381252721       0.9723572538        1.608829131       0.8262688486        20.72885832        37.46974875                  0                  0
        29.64367229       -1.762544711        1.373191426        1.055120462       0.4866152755        25.50625128        37.46974875                  0                  0
        29.74367229       -2.061597253        1.755605623       0.6208391527       0.3190193141        29.25322616        37.46974875                  0                  0
        29.87117229       -2.442889243        2.329927651      0.06713048358       0.2313031854        34.03061913        37.46974875                  0                  0
        30.08117229        3.117663251        2.158135485       -1.873862008       0.5573495231        32.97562996       -47.08877228                  0                  0
        30.20867229        2.484349176        1.443878901       -2.905886305        1.166767433         26.9718115       -47.08877228                  0                  0
        30.30867229        1.987632254       0.9966807578       -3.715317127        1.828887776        22.26293427       -47.08877228                  0                  0
        30.43617229        1.354318179       0.5705820776       -4.747341424        2.907876741         16.2591158       -47.08877228                  0                  0
        30.64617229      -0.5058718398       0.4204461113        3.945397366        3.118870352         10.3456049       -11.93397001                  0                  0
        30.75367229      -0.8269829777       0.5637280041        3.374401448        2.331991979        9.062703127       -11.93397001                  0                  0
        30.75367229      -0.8269829777       0.5637280041        3.374401448        2.331991979        9.062703127       -11.93397001                  0                  0
        30.80867229      -0.9912723971       0.6637320497        3.082264001        1.976875379        8.406334776       -11.93397001                  0                  0
        30.90867229       -1.289980432       0.8918573327        2.551105007        1.413538479        7.212937774       -11.93397001                  0                  0
        31.07054324       -1.773501967        1.387746139        1.691312898       0.7268142619        5.281174711       -11.93397001                  0                  0
        31.07054324       -1.773501967        1.387746139        1.656005364       0.7268142619        5.281174711       -11.93397001                  0                  0
        31.87983962       0.6647063521        2.871941636       -2.511047398        1.418796689     -0.04271674005     0.002036177424                  0                  0
        31.87983962       0.6647063521        2.871941636       -2.579970388        1.418796689     -0.04271674005     0.002036177424                  0                  0
        32.01171057       0.5985016328        2.705361199       -3.291585096        2.193084289      -0.0424482274     0.002036177424                  0                  0
        32.11171057       0.5482974603         2.59068129       -3.831214718        2.905364271     -0.04224460966     0.002036177424                  0                  0
        32.19421057       0.5068790179        2.503629231       -4.276409155         3.57424324     -0.04207662502     0.002036177424                  0                  0
        32.40421057       -7.998454446        3.844016641        5.017813521         3.38280943     -0.05348166967      -0.1154965875                  0                  0
        32.54421057       -10.36486936        6.414881973        3.934399444        2.129499614     -0.06965119193      -0.1154965875                  0                  0
        32.75421057        9.786269285        6.569733875       -1.693252512        1.736727824     -0.07101592269       0.1031764934                  0                  0
        32.89421057        7.724093013        4.118283154       -2.004985049        2.254481083     -0.05657121361       0.1031764934                  0                  0
        33.10421057        1.609675551        2.348113706        1.609602146        2.347994528     -0.04325669158      0.02708469241                  0                  0
        33.21171057        1.445271906        2.019706854        1.445200975        2.019603192     -0.04034508714      0.02708469241                  0                  0
        33.21171057        1.445271906        2.019706854        1.445200975        2.019603192     -0.04034508714      0.02708469241                  0                  0
        33.25671057        1.376451775        1.892729288         1.37638188        1.892631964     -0.03912627598      0.02708469241                  0                  0
        33.25671057        1.376451775        1.892729288         1.37638188        1.892631964     -0.03912627598      0.02708469241                  0                  0
        35.05671057       -1.376353453        1.892552309       -1.376381913        1.892632023     0.009626170359      0.02708469241                  0                  0
        35.05671057       -1.376353453        1.892552309       -1.376381913        1.892632023     0.009626170359      0.02708469241                  0                  0
        35.10171057       -1.445173584        2.019521025       -1.445201008        2.019603255      0.01084498152      0.02708469241                  0                  0
        35.10171057       -1.445173584        2.019521025       -1.445201008        2.019603255      0.01084498152      0.02708469241                  0                  0
        35.20921057       -1.609577229        2.347906738       -1.609602179        2.347994597      0.01375658595      0.02708469241                  0                  0
        35.41921057       -8.486439692        4.242991305        2.337713719         2.17330874      0.02238369785      0.05756157399                  0                  0
        35.55921057       -10.89576639        6.956500156        1.921258043        1.577052693      0.03044231821      0.05756157399                  0                  0
        35.76921057        13.12541334        6.331281188       -3.916813816         1.91826536      0.03086658506     -0.05376514755                  0                  0
        35.90921057         9.29384974        3.192584356       -5.109453955        3.181942848       0.0233394644     -0.05376514755                  0                  0
        36.11921057        2.110527253        1.118195438        2.921428927        3.732027316      0.01693285312    -0.009662158791                  0                  0
        36.20171057        1.708109375       0.8031579167        2.710654311        3.267380449      0.01613572502    -0.009662158791                  0                  0
        36.30171057        1.220330128       0.5103139664        2.455169927        2.750798025      0.01516950914    -0.009662158791                  0                  0
        36.43971057       0.5471947675       0.2663955308        2.102601478        2.121825571      0.01383613123    -0.009662158791                  0                  0
        36.43971057       0.5471947675       0.2663955308        2.011547249        2.121825571      0.01383613123    -0.009662158791                  0                  0
        36.87022972        -1.32278234       0.6345788078       0.9876467005       0.8306151628        1.520046774        6.846250259                  0                  0
        36.87022972        -1.32278234       0.6345788078       0.9520023834       0.8306151628        1.520046774        6.846250259                  0                  0
        36.94822972       -1.660771476       0.8672960055       0.7729879943       0.6960659134        2.054054294        6.846250259                  0                  0
        37.04822972       -2.094090882        1.242782241       0.5434823672       0.5644188772         2.73867932        6.846250259                  0                  0
        37.10322972       -2.332416555         1.48624015       0.4172542723        0.511578362        3.115223084        6.846250259                  0                  0
        37.10322972       -2.332416555         1.48624015       0.4172542723        0.511578362        3.115223084        6.846250259                  0                  0
        37.21072972       -2.798234916        2.037785183       0.1705357232       0.4483909375        3.851194987        6.846250259                  0                  0
        37.42072972         4.68090527        1.465844877       -3.394638155       0.9795145676         3.53009579       -9.679071648                  0                  0
        37.56572972        2.414583095       0.4369990645       -5.248533389        2.232774441        2.126630401       -9.679071648                  0                  0
        37.77572972      -0.6331495616       0.1234343728        2.294566092        3.017234625       0.5567654651       -6.014689125                  0                  0
        37.87322972       -1.739694178       0.3547866375        2.092115554        2.589533165     -0.02966672458       -6.014689125                  0                  0
        37.87322972       -1.739694178       0.3547866375        2.092115554        2.589533165     -0.02966672458       -6.014689125                  0                  0
        37.92822972       -2.363898834       0.5804842532        1.977912687        2.365681612      -0.3604746264       -6.014689125                  0                  0
        38.02822972        -3.49881639        1.166755776         1.77027111        1.990863232      -0.9619435389       -6.014689125                  0                  0
        38.06822972       -3.952783412        1.464819768         1.68721448        1.852563808       -1.202531104       -6.014689125                  0                  0
        38.16822972       -5.087700968        2.368868206        1.479572903         1.53588507       -1.804000016       -6.014689125                  0                  0
        38.31822972       -6.790077302        4.150534946        1.168110538        1.138732554       -2.706203385       -6.014689125                  0                  0
        38.41822972       -7.924994858        5.622042162       0.9604689613       0.9258746039       -3.307672297       -6.014689125                  0                  0
        38.50072972       -8.861301841         7.00691164       0.7891646606       0.7815298301        -3.80388415       -6.014689125                  0                  0
        38.71072972        10.80624675        6.494619579       -1.846395143       0.9684908551       -3.889689306         5.23766551                  0                  0
        38.84572972        8.358124791        3.907429421       -2.460999427        1.549989122       -3.182604462         5.23766551                  0                  0
        39.05572972         1.62638282        2.045070302       0.6587773591        1.986276061       -2.646627459      0.03053319318                  0                  0
        39.96822972   -5.172326982e-05       0.5610431763    2.282986113e-09        1.385141718       -2.618765921      0.03053319318                  0                  0
        39.96822972   -5.172326982e-05       0.5610431763    2.282986113e-09        1.385141718       -2.618765921      0.03053319318                  0                  0
