-7.938557729166548270e-04 1.898161254035356054e-04 4.803286262745684186e-04 -6.737584347692032738e-04 0.000000000000000000e+00 1.270163146714575753e-03
-5.679659136263914745e-04 5.221384286869238571e-04 1.949060412678984820e-05 5.059077914358641034e-04 0.000000000000000000e+00 -1.929887076712821781e-03
8.143316531377916331e-04 -8.099470605568251684e-04 -6.989375910687635474e-04 7.019200988687534365e-04 0.000000000000000000e+00 -9.345281469517185968e-04
2.135213375108819449e-04 -1.126601991594317667e-04 -4.570408365339780218e-04 -1.727189203871762585e-04 0.000000000000000000e+00 -2.649093203262564700e-03
1.089973662380447524e-03 -8.984618063119009573e-04 3.796531645191466024e-04 3.565208125940159283e-04 0.000000000000000000e+00 1.674972249295469950e-03
-9.835451957902609059e-04 1.058207211105924002e-03 7.680383620451281109e-04 -1.819548727386595659e-04 0.000000000000000000e+00 6.810749636964041898e-04
2.517010115572805855e-04 -4.968244914580557687e-04 -2.320070016397546059e-04 1.005115773455528359e-04 0.000000000000000000e+00 -1.463455581752981516e-03
1.037272933634302355e-03 -4.957897136413991820e-04 -3.032104273295998663e-04 -9.114396715722986389e-05 0.000000000000000000e+00 4.264979307426752797e-04
-2.662300112783529842e-04 7.369775651182237973e-05 -8.367786186026647966e-04 6.472269684915583129e-04 0.000000000000000000e+00 -2.048208671161511063e-03
1.555728149635390975e-04 -3.827503409806531161e-04 -7.839703478916880495e-04 3.289773682849529268e-04 0.000000000000000000e+00 5.749153940000084617e-04
6.973848353005516034e-04 -3.116138422089020921e-04 -2.657310033616897861e-04 4.455005145507500851e-04 0.000000000000000000e+00 -2.705418222705091580e-03
-5.425012996394673473e-04 2.701314194672651550e-05 3.842314486507965418e-04 -4.248862828142981551e-05 0.000000000000000000e+00 -1.211792744948425593e-04
6.620825988504144962e-04 -7.248769322274649851e-04 -1.407476276757264303e-04 1.479760248482731998e-04 0.000000000000000000e+00 -1.766074199382350329e-03
-4.707956511174230885e-04 8.478400153169133062e-04 -1.220636424884989591e-03 9.920922212845522878e-04 0.000000000000000000e+00 -2.096982419311999024e-03
2.138112244313541738e-04 1.263513459417123122e-04 7.744375494078248974e-04 -5.360841222164022942e-04 0.000000000000000000e+00 3.335991552241623914e-03
8.525067144918469257e-04 -4.514818981520984801e-04 1.194530054372038687e-05 2.042747656061871472e-04 0.000000000000000000e+00 2.620361230297518773e-03
5.397792852778127625e-04 -6.076932969562987409e-05 1.764649865688705261e-04 -7.845577892034885474e-04 0.000000000000000000e+00 1.664359184624264465e-03
5.660826988149942392e-04 -4.649458140840890142e-04 -6.620550775878390835e-04 5.637578229184421735e-04 0.000000000000000000e+00 1.961569641431237798e-03
6.484577862483150053e-04 -2.544373372310161597e-04 -6.960233237971758533e-04 1.212801861153986992e-03 0.000000000000000000e+00 -3.589062024466738166e-03
-3.991391259073267346e-04 7.690949174768737769e-04 6.963731418956702578e-04 -3.955379365722385505e-04 0.000000000000000000e+00 -2.601966978351688553e-03
-1.736524650380076378e-04 -2.364496550127075244e-04 4.817903460109963375e-04 -2.170383134395097440e-04 0.000000000000000000e+00 -7.074465568011056860e-04
-2.560550216754207769e-04 -5.202355508828651311e-05 4.486201029290016367e-05 3.051709756036367839e-04 0.000000000000000000e+00 -1.867670672780707974e-03
-6.827166380931127317e-04 9.541494809831316346e-04 -8.004132082365195350e-04 8.712057324899003094e-05 0.000000000000000000e+00 1.024588110732804758e-03
2.177076423505520703e-04 -4.011192214978316520e-04 3.701927273101862886e-04 1.254068927713907215e-04 0.000000000000000000e+00 2.330962635901601132e-03
8.295508109183967471e-04 -3.239848662646237069e-04 1.175999222231996857e-04 -1.164056782323998561e-04 0.000000000000000000e+00 -6.784042785068500336e-04
5.523158101941314565e-04 -1.591024688043704278e-04 -6.935581868270352226e-04 4.819235106946114780e-04 0.000000000000000000e+00 1.392847925775764217e-03
-7.454467030465003886e-05 2.234757517172144333e-04 -1.364839864046273727e-04 5.589594274545562746e-04 0.000000000000000000e+00 -2.295363898523694601e-03
3.946050494150499808e-04 -3.650060873929322547e-05 -6.338432328069298037e-04 6.007600406769462824e-04 0.000000000000000000e+00 -1.192183768223609164e-03
1.998844580935017431e-04 6.752277796184244290e-05 -7.690438056524852252e-04 5.821761460331600696e-04 0.000000000000000000e+00 2.240705489833572095e-03
4.630897468278682354e-04 1.979130646965750022e-05 9.875085798394788730e-05 1.831175661641377636e-04 0.000000000000000000e+00 -9.054500907572649027e-04
-3.392543778728048117e-04 -4.971402112550110199e-06 2.264034706161230782e-04 2.665250661925283875e-04 0.000000000000000000e+00 2.708102813246404672e-03
-3.272485852964991280e-04 1.478223705903695983e-04 4.291380364842234353e-04 -4.847465204438846406e-04 0.000000000000000000e+00 -1.240906393539686903e-03
-5.992364156175504194e-04 4.657512959932975601e-04 -1.063916610680248567e-04 -2.464932704091666021e-04 0.000000000000000000e+00 -1.306201530102857333e-03
6.713393585953615931e-04 -5.255875292146232900e-04 -2.865047385455434946e-04 2.355225934511485193e-04 0.000000000000000000e+00 1.694686032294168143e-05
1.093998775354618045e-04 2.323506961873842813e-04 8.267065457679045794e-04 -4.816888400291688107e-04 0.000000000000000000e+00 2.928788664153025856e-03
5.990751782487581129e-04 -2.173136704999226713e-05 1.863791371422713066e-04 -1.215380442832569938e-04 0.000000000000000000e+00 2.534186232600710298e-03
-8.173333688704643952e-04 3.113397261755934480e-04 3.533860838051980455e-04 -9.590709796763381180e-04 0.000000000000000000e+00 -1.430992287086318981e-03
2.326059624496654968e-04 -6.240935746321873631e-04 2.121498647857591069e-04 -6.091341336558964625e-05 0.000000000000000000e+00 1.950140002083267099e-03
-4.131087340167165380e-05 -2.418585825098885922e-04 -3.089317336200185483e-04 3.241186699345079093e-04 0.000000000000000000e+00 2.396172722967659929e-03
-6.458134925287979840e-04 6.832371658089126656e-04 -1.098671935439288596e-03 9.943811431312511197e-04 0.000000000000000000e+00 2.008150856859902689e-03
-8.823132565415344559e-04 9.834862664337487570e-04 1.016141528241857944e-03 -7.335673868295455738e-04 0.000000000000000000e+00 -1.367596864665365786e-05
-5.447821825814489318e-04 8.491855890916071145e-04 -4.938033283673121029e-05 -1.215771292823187558e-04 0.000000000000000000e+00 8.309302908799942600e-04
-9.099719014063414004e-06 -4.598223093147427404e-04 5.805545461176885589e-04 -7.432194883110880036e-04 0.000000000000000000e+00 -2.911096808784208179e-04
-4.414524517117224441e-04 3.711848129515763254e-04 6.144630422452690118e-04 -8.695455640691727691e-04 0.000000000000000000e+00 2.112714752250388628e-04
1.791782677799944111e-05 4.491814650049720222e-04 1.046170454097448792e-03 -5.386177073947423077e-04 0.000000000000000000e+00 1.851797335116200927e-04
-8.408040423061011225e-04 9.469247941189735170e-04 5.696158931249540799e-04 -4.291542805408556332e-04 0.000000000000000000e+00 -1.728041977434591203e-03
-1.098592075639515282e-03 3.513889753804784293e-04 -2.925374509344958471e-04 1.047178162674599358e-04 0.000000000000000000e+00 2.885026896546238895e-03
-1.274611788399882852e-03 1.247680877850679227e-03 -2.537336758139905083e-05 -2.262215781141749141e-04 0.000000000000000000e+00 -2.954500938168180824e-03
-6.219681262361121451e-04 3.008225766570688984e-04 2.689971316867137657e-04 -3.228470731814337530e-04 0.000000000000000000e+00 -9.600568939809317470e-04
-3.128567810531663446e-04 4.559041383322150719e-04 5.940240976394496565e-04 -3.394375412403723949e-04 0.000000000000000000e+00 9.313110876951746775e-04
-5.288356471095132872e-04 5.222997245585130630e-04 -3.103693887306100481e-04 1.275215536822413460e-04 0.000000000000000000e+00 -2.213331283438035868e-03
-7.241688225462966687e-04 5.291450714581282227e-04 1.130701847168985369e-03 -7.018813772496058055e-04 0.000000000000000000e+00 -5.172338185144287337e-04
-1.281231533404393109e-04 1.430943858848093993e-04 6.585151463399013848e-04 -1.045552868481326264e-04 0.000000000000000000e+00 -4.696643171493430913e-04
4.128300678108911691e-04 -5.156849285496851852e-05 4.622492394593495104e-04 -2.528644911379349515e-04 0.000000000000000000e+00 -7.195019810104508196e-04
-9.331290363226450767e-04 3.545155713764699176e-04 7.320641811547621332e-04 -5.492986601882328559e-05 0.000000000000000000e+00 3.016014808277400761e-03
-7.085004709907249737e-04 3.841581006579588599e-04 -4.355145070837120611e-04 3.775675763324501600e-05 0.000000000000000000e+00 -7.920952295190630821e-04
3.670426322686470388e-04 -4.243439219199377833e-04 -4.228364080264620660e-04 4.029636198853570181e-04 0.000000000000000000e+00 -1.182703863444878323e-05
-1.355064840452643686e-03 8.049664437971048095e-04 -5.675945569031585038e-04 2.429519327035162127e-04 0.000000000000000000e+00 -8.541656426674926195e-05
4.835194976805877302e-04 -6.243388533814710640e-04 -1.047403854314846649e-03 8.601568063724609331e-04 0.000000000000000000e+00 -8.135385691774299488e-04
-6.576861704770371004e-04 4.067241545547073205e-04 -9.642106793378548086e-04 5.750694549455835853e-04 0.000000000000000000e+00 -8.588359867212069787e-04
-6.417848595558981991e-04 3.232759463049235111e-04 -7.401819685844794605e-04 1.104754269668396663e-03 0.000000000000000000e+00 -1.486441027122697989e-03
3.007118831493750294e-04 -4.861187791148663829e-04 4.281435867614838257e-04 -6.412120124533553494e-04 0.000000000000000000e+00 1.947045820588355625e-04
4.528452676783130057e-04 -4.908927830155130397e-04 1.385881386376765429e-04 -1.294002663097911692e-04 0.000000000000000000e+00 1.406404351995349522e-03
-2.875128289396140747e-04 -2.486197534226721774e-04 5.146113392105901009e-05 1.332314778763805962e-04 0.000000000000000000e+00 -7.768195168926794736e-04
