-8.797241825320807271e-05 6.665913855307434126e-05 -7.571314763642334855e-05 1.103354218171259671e-04 0.000000000000000000e+00 -6.947507409701951520e-03
-5.997404003474294165e-05 9.103855628159430665e-05 -9.771196574430286003e-05 2.379562584997327784e-05 0.000000000000000000e+00 3.973539178433216877e-03
-5.894058307991701268e-05 -7.200062935110705313e-06 -1.101166933272283531e-04 1.055363459881926728e-04 0.000000000000000000e+00 -1.758719714405005156e-03
1.349676985521595549e-04 -1.517785472262659925e-04 -1.348198585593272003e-04 1.235443624927777735e-04 0.000000000000000000e+00 2.818986166873913826e-05
-4.547693283901550168e-05 1.768642384305433882e-05 9.121944598044790659e-05 -7.419383830795714928e-05 0.000000000000000000e+00 -6.174568547890572391e-03
1.225513492033210577e-04 -3.418424294213982454e-05 1.354699254792638492e-04 -1.084967604227054616e-04 0.000000000000000000e+00 -1.545702084059765368e-03
2.518194155496477477e-05 8.892614470166176397e-06 -1.585748469646057054e-05 -2.352115296672882617e-05 0.000000000000000000e+00 3.167304981608950933e-03
-1.062545699486545995e-04 1.511459436281355271e-04 1.144317884715253641e-04 -3.132498479540642329e-05 0.000000000000000000e+00 -9.323358491608903231e-03
-7.326475460187546046e-05 2.671992381606260142e-05 4.761361357640490064e-05 -9.181428110466159070e-06 0.000000000000000000e+00 4.831799135171091562e-04
9.919961315384351807e-05 -3.049749123266124408e-05 -1.009690388148642612e-04 9.220339609365445558e-05 0.000000000000000000e+00 -4.619312497816282538e-03
-1.192092334872584479e-04 1.191299129060877104e-04 -6.706660816024110456e-05 7.508020670605271707e-06 0.000000000000000000e+00 9.502162112920252771e-03
-5.323226203172134790e-05 -9.296292960087675661e-06 9.532934232513011084e-05 -3.015913846668553616e-06 0.000000000000000000e+00 -6.307826245742648988e-04
6.369094827972455520e-05 -1.098381657063233384e-04 -1.014718520190306639e-04 1.001930936841198636e-04 0.000000000000000000e+00 6.474116480807466135e-03
-3.082732124220585886e-05 6.396057623278195354e-05 8.208829274933260572e-05 -6.855071014604460235e-05 0.000000000000000000e+00 -5.455423177407905250e-03
9.599277597160837841e-05 -1.403103423474812996e-04 -1.276028970242418486e-04 4.920114414773690419e-05 0.000000000000000000e+00 -8.926513023034966798e-03
2.424555189660493356e-05 3.574499729697764829e-05 -2.025747218920916318e-05 -3.864122905775860538e-05 0.000000000000000000e+00 5.703796426819773661e-03
3.571731635404051531e-05 -6.169919788182754849e-05 -1.148619267597968851e-04 1.137839786035914363e-04 0.000000000000000000e+00 9.791200788829191107e-03
-1.202721339118180931e-04 1.266731312694195676e-04 -7.618283193438074314e-05 6.612795747844547282e-06 0.000000000000000000e+00 6.367773644864987981e-03
3.243355113890726397e-05 4.775454006436362234e-05 -5.065096228377561678e-05 7.514664219785819374e-05 0.000000000000000000e+00 -6.154475665101814298e-03
1.063829969906699249e-04 -7.083164101107887933e-05 -8.713882624320288932e-05 1.009057317408049089e-04 0.000000000000000000e+00 -6.370178372054315086e-03
9.965197836687324641e-05 -1.330873972784693939e-04 -5.741448008466530281e-05 -2.270588670274387025e-05 0.000000000000000000e+00 -3.140506884341326887e-04
6.905165498715264995e-05 -2.188645591829745254e-05 6.687080255616706002e-05 -1.000465112702830653e-04 0.000000000000000000e+00 -1.078554738887977727e-03
4.114453635552093496e-05 -9.761443928041467369e-05 3.062528409497699384e-05 -3.770439059701399879e-05 0.000000000000000000e+00 8.733410941149244086e-03
-1.135561905615033667e-04 6.776588584475910435e-05 -4.797125639790529973e-05 7.101545966018914019e-05 0.000000000000000000e+00 1.740171242305871974e-03
-9.379461333514786442e-05 5.831439781693257136e-05 -7.696997436850780828e-05 -1.369741102414709203e-05 0.000000000000000000e+00 6.773757855300478921e-03
1.108849518529368743e-04 -3.052854403316017899e-05 -5.678677183378702155e-07 4.893266318474430161e-05 0.000000000000000000e+00 -7.183620149640787544e-03
-1.719529608518146201e-05 6.490613272947442971e-05 3.548562696240084959e-05 -9.579267809848680609e-05 0.000000000000000000e+00 -8.286520288814063287e-03
-8.395306528517812960e-05 1.517479089119534280e-05 -1.362699606604532378e-04 1.383329042169625521e-04 0.000000000000000000e+00 -1.489483054312447331e-03
9.062083726037338722e-05 -1.116099009686110456e-04 2.745525826767973449e-05 1.356348789041145699e-05 0.000000000000000000e+00 7.661506652694325022e-03
8.904468433259975278e-05 -8.783103033379354840e-05 -5.018443087963929985e-05 1.731195636216657782e-05 0.000000000000000000e+00 2.053579388083376020e-03
8.105045435432204736e-05 -1.341410252959723297e-05 -4.641465870673866311e-05 8.633321469470311158e-05 0.000000000000000000e+00 9.222650735014966197e-03
1.182439857644236337e-04 -7.954372479737905027e-05 4.974824716210486837e-05 3.374431162525188974e-05 0.000000000000000000e+00 1.390044146674044873e-03
-5.223677352263023197e-05 1.038379535111371961e-04 -1.169477256486460472e-04 1.235755151164156227e-04 0.000000000000000000e+00 -2.060708889235944932e-03
-1.044165890163753312e-04 1.178645817210393216e-04 8.584484042759366117e-05 -2.365352195367180057e-05 0.000000000000000000e+00 -5.474400388587771261e-03
-7.339407103371697983e-06 -3.762343320815234293e-05 -1.364299555007457429e-05 7.414850739378322088e-05 0.000000000000000000e+00 7.516125203725506319e-03
-8.239947634235051429e-05 3.357787135317122766e-07 7.737394344009172146e-05 -1.504299483687564161e-05 0.000000000000000000e+00 -2.937229613455215414e-03
4.109389981498374838e-05 1.363481827080281093e-05 -7.101862818364982244e-05 1.257063014337234737e-05 0.000000000000000000e+00 8.362992080952237617e-03
-7.642593862522799862e-05 1.097928394205535560e-04 -7.159659293447010148e-05 2.281399747107533792e-05 0.000000000000000000e+00 1.652601015787730568e-03
1.759314580124300589e-05 -5.241979499327181617e-05 1.182800156515345516e-04 -1.270247646069201728e-04 0.000000000000000000e+00 -5.949874600638301210e-03
-7.691680719883817326e-05 -5.380725608048654986e-06 8.057464345822172786e-05 -3.190145289996819823e-05 0.000000000000000000e+00 -5.449829926204962337e-03
-1.056189032836268692e-04 9.822170690948810667e-05 1.001766880773313567e-04 -1.298974185352708057e-04 0.000000000000000000e+00 -6.352443564063242447e-03
-4.924704640517609997e-05 8.971776586190435322e-05 5.825618685386096257e-05 1.312062326126549210e-05 0.000000000000000000e+00 3.601341508099160059e-03
-1.729366557540465080e-05 -3.115182395249560163e-05 -2.042773886688207158e-05 4.341527777875100027e-05 0.000000000000000000e+00 -3.617666066677101191e-03
1.347527335357271957e-04 -1.306522948735942466e-04 -8.584010443142712024e-05 8.545013588613550436e-05 0.000000000000000000e+00 -7.592716889600658117e-03
1.047612912375536678e-04 -4.067210234895438445e-05 4.882893443749292622e-05 -8.541838386833410684e-05 0.000000000000000000e+00 8.794301177707387462e-04
3.469176543990630760e-06 1.367937987649481050e-05 7.773849641228289589e-05 1.468045617638291453e-05 0.000000000000000000e+00 -9.088009528410316562e-03
7.923239367768499083e-05 -7.366042015537707947e-05 9.429174742803041968e-05 -1.095973464432212596e-05 0.000000000000000000e+00 -2.054279357075134652e-03
-6.140267209007211908e-06 5.854893094653755982e-05 1.367009120489754489e-04 -3.501413929374328160e-05 0.000000000000000000e+00 1.187925775909855078e-03
6.544077669599650986e-05 -4.958580681466942964e-05 -5.996520704994899646e-05 4.288011531128580312e-06 0.000000000000000000e+00 5.224667313139572111e-03
4.014845098030070504e-06 3.355258167669943536e-05 -1.364429966329500424e-04 4.683488122960306190e-05 0.000000000000000000e+00 -6.086243036525616377e-04
-1.065591800369100975e-04 3.988151795858313497e-05 7.948213082248617090e-06 -2.447355908536341472e-05 0.000000000000000000e+00 -1.390779040082141139e-03
1.276575018473811844e-04 -4.892608661834620207e-05 4.666742577989623647e-06 6.294824884046198359e-05 0.000000000000000000e+00 -5.603258574041046318e-03
-1.689497726281872163e-05 -1.648139821796933526e-05 1.084907254492938983e-04 -8.004836798973775198e-05 0.000000000000000000e+00 9.026634628857331186e-03
-8.657426306097678814e-06 -3.142980128456482970e-05 3.618287760582527819e-05 1.573387374413284513e-05 0.000000000000000000e+00 3.622028920061136391e-05
-1.307550775114987428e-04 1.230557834277161801e-04 7.392125861861340800e-05 -1.049295272544672569e-04 0.000000000000000000e+00 2.581284162023547886e-03
4.954906599405442161e-05 -7.858616880428552780e-05 -2.526633363796946369e-05 -3.176774037870405345e-05 0.000000000000000000e+00 -9.246019323704127157e-03
1.183627284228504356e-05 -3.590462214123084681e-05 -2.041811145518963793e-05 3.138698222668526833e-05 0.000000000000000000e+00 5.648247020344966500e-03
8.054897644153177525e-06 1.319188869410046121e-05 6.581569279956087613e-05 -1.818076051156945948e-05 0.000000000000000000e+00 -6.600779279474450721e-03
1.119993342247973975e-04 -1.339761553910082910e-05 3.596846344604829378e-05 3.360917845396385541e-05 0.000000000000000000e+00 5.463828077707703554e-03
-8.406856042663677427e-05 7.538198653765903470e-05 -1.343416663138804171e-05 6.010172206208212221e-05 0.000000000000000000e+00 -5.815012920061845766e-03
4.179876130745325820e-05 -3.827827521181140409e-05 5.861114559760378245e-05 2.494150546569989549e-05 0.000000000000000000e+00 -6.706606903319938320e-03
-4.789651530207075884e-05 -2.651699880837351134e-05 -5.121240778880919363e-05 3.135645010450730479e-05 0.000000000000000000e+00 -1.198055573615596165e-03
-9.048934813179512727e-05 6.120718691397299962e-05 -9.445129775915844241e-05 8.615839664964291069e-05 0.000000000000000000e+00 -5.520488569234057070e-03
1.228161242711955758e-05 -1.605235201256515036e-06 3.015712567196061680e-05 4.000018201143088013e-05 0.000000000000000000e+00 4.563405484750281994e-03
