 z     x     y     pID   elem_type  elem_sequence
   25.611024763333337       -2.0022896282216457E-002  -9.3112642459314504E-004          20           1         145
   25.611024763333337       -2.0051329414211463E-002  -6.5098714264497483E-004          46           1         145
   25.611024763333337       -2.0234781960021951E-002  -1.8638444469950787E-004         183           1         145
   25.611024763333337       -2.0171523956091401E-002  -5.1370273615715812E-004         238           1         145
   25.611024763333337       -2.0307731166869184E-002  -4.3803260781760407E-004         343           1         145
   25.611024763333337       -2.0080200590834294E-002  -8.0802025310030981E-004         442           1         145
   25.611024763333337       -2.0026232871859492E-002  -4.7859615459107483E-004         501           1         145
   25.611024763333337       -2.0114696174295951E-002  -1.5811328180018256E-004         851           1         145
   25.634358096666670       -2.0057708440494884E-002  -1.6759965647674959E-003          76           1         145
   25.634358096666670       -2.0570627722543026E-002  -3.3856091815789288E-004         318           1         145
   25.634358096666670       -2.0676227538123162E-002  -9.6035314904108844E-004         398           1         145
   25.634358096666670       -2.0257847730540346E-002  -9.6661616971871944E-004         421           1         145
   25.634358096666670       -2.0088472352190818E-002  -1.1877299578927261E-003         461           1         145
   25.634358096666670       -2.0300066858770675E-002  -2.1564940786363427E-004         505           1         145
   25.634358096666670       -2.0563021193869064E-002  -4.9330991769425613E-004         539           1         145
   25.634358096666670       -2.0274944528486476E-002  -7.2675295156728146E-004         564           1         145
   25.634358096666670       -2.0019166072295928E-002  -4.0585442317114681E-004         576           1         145
   25.634358096666670       -2.0188278509723701E-002  -1.2697785233137457E-003         606           1         145
   25.634358096666670       -2.0234523945086857E-002  -3.1483603151209115E-004         619           1         145
   25.634358096666670       -2.0429535764600937E-002  -2.9751946551665040E-004         648           1         145
   25.634358096666670       -2.0483348555532129E-002  -2.0479745985963277E-004         826           1         145
   25.634358096666670       -2.0375569128502472E-002  -1.4178482873020326E-003         891           1         145
   25.634358096666670       -2.0488345394255432E-002  -7.4613300514049725E-004         994           1         145
   25.657691430000003       -2.0305482186500416E-002  -1.0157871367085798E-003         116           1         145
   25.657691430000003       -2.0401800764699753E-002  -1.3179810496906884E-003         140           1         145
   25.657691430000003       -2.0717817266325787E-002  -3.7565017680957257E-004         173           1         145
   25.657691430000003       -2.0513092567594215E-002  -1.2586004463686173E-003         246           1         145
   25.657691430000003       -2.0502532994924133E-002  -1.8472313083186683E-003         288           1         145
   25.657691430000003       -2.0053363866697222E-002  -7.3955500047439735E-004         379           1         145
   25.657691430000003       -2.0300880470697474E-002  -1.3897760758206192E-003         395           1         145
   25.657691430000003       -2.0517781520685705E-002  -2.9041038052529444E-004         399           1         145
   25.657691430000003       -2.0810763891459857E-002  -1.6682267259909059E-003         437           1         145
   25.657691430000003       -2.0439578174737811E-002  -4.2396505794537728E-004         480           1         145
   25.657691430000003       -2.0280862315957045E-002  -1.0721076216518429E-003         569           1         145
   25.657691430000003       -2.0761007118219280E-002  -2.1975278397528053E-004         714           1         145
   25.657691430000003       -2.0446528023879740E-002  -6.4476924311615341E-004         720           1         145
   25.657691430000003       -2.0078497563092972E-002  -1.3914677313559911E-003         732           1         145
   25.657691430000003       -2.0728449365076076E-002  -1.1181815822597820E-003         760           1         145
   25.657691430000003       -2.0268749996841189E-002  -8.6700866303711496E-004         761           1         145
   25.657691430000003       -2.0728383736547784E-002  -1.5486579208561723E-003         776           1         145
   25.657691430000003       -2.0417688040958382E-002  -1.7241511457824309E-004         812           1         145
   25.657691430000003       -2.0027653776193383E-002  -2.0311990778757298E-003         818           1         145
   25.657691430000003       -2.0379994747249643E-002  -1.1749004638481535E-003         828           1         145
   25.657691430000003       -2.0521724808951036E-002  -1.4738560045323740E-003         878           1         145
   25.657691430000003       -2.0754483485579036E-002  -4.7230665329179688E-004         882           1         145
   25.657691430000003       -2.0316097464907222E-002  -1.6180593938542849E-003         938           1         145
   25.657691430000003       -2.0400482407043008E-002  -4.1964435757024567E-005         993           1         145
   25.657691430000003       -2.0098348839382482E-002  -2.9239561976012699E-004        1010           1         145
   25.657691430000003       -2.0567555054432692E-002  -7.6941927783532086E-004        1020           1         145
   25.681024763333337       -2.0716918397720482E-002  -8.9154105182437816E-004          21           1         145
   25.681024763333337       -2.0642383545133616E-002  -2.0592723104178489E-004          60           1         145
   25.681024763333337       -2.0036499118651990E-002  -1.8031270405837678E-003          63           1         145
   25.681024763333337       -2.0739698556294088E-002  -7.3236048684971271E-004          83           1         145
   25.681024763333337       -2.0482409386981228E-002  -1.0857685197478079E-003         123           1         145
   25.681024763333337       -2.0678099486376184E-002  -6.0076350879192779E-004         132           1         145
   25.681024763333337       -2.0451804893436495E-002  -1.8101383784331719E-003         196           1         145
   25.681024763333337       -2.0000103665350270E-002  -2.9171001136923155E-004         202           1         145
   25.681024763333337       -2.0434159474013086E-002  -1.4621491150585176E-004         232           1         145
   25.681024763333337       -2.0582804237049952E-002  -9.9584551828821939E-004         297           1         145
   25.681024763333337       -2.0201879221976273E-002  -1.2027682234381010E-003         302           1         145
   25.681024763333337       -2.0764281797665832E-002  -2.0290131398627642E-004         313           1         145
   25.681024763333337       -2.0601970741316325E-002  -8.4902088369122027E-004         315           1         145
   25.681024763333337       -2.0452040354169712E-002  -2.6063594958557892E-005         347           1         145
   25.681024763333337       -2.0809548056239031E-002  -8.2745567311356245E-004         365           1         145
   25.681024763333337       -2.0274884749161327E-002  -6.8210226105156879E-004         366           1         145
   25.681024763333337       -2.0217590231970842E-002  -1.0674272693765962E-003         383           1         145
   25.681024763333337       -2.0603847006717031E-002  -2.1715864044196936E-003         405           1         145
   25.681024763333337       -2.0681975709569988E-002  -8.5545286311145539E-004         428           1         145
   25.681024763333337       -2.0333240706916639E-002  -1.0161456249204739E-003         429           1         145
   25.681024763333337       -2.0408117091030287E-002  -2.0426095491607277E-003         440           1         145
   25.681024763333337       -2.0621788113784460E-002  -5.0959107113787987E-004         441           1         145
   25.681024763333337       -2.0421797537528728E-002  -4.1296911453266429E-004         473           1         145
   25.681024763333337       -2.0886395549491208E-002  -1.0755822072609812E-003         493           1         145
   25.681024763333337       -2.0552140229996105E-002  -8.2292154306157228E-004         527           1         145
   25.681024763333337       -2.0293531864495621E-002  -2.2645249655851851E-003         542           1         145
   25.681024763333337       -2.0011508774875376E-002  -5.8090508638505118E-004         582           1         145
   25.681024763333337       -2.0509550533325992E-002  -1.4875472387198248E-003         605           1         145
   25.681024763333337       -2.0792161214998470E-002  -1.3903563497203412E-003         639           1         145
   25.681024763333337       -2.0751390296561232E-002  -7.7149946968359641E-004         672           1         145
   25.681024763333337       -2.0069183515169363E-002  -2.5755877779610770E-005         683           1         145
   25.681024763333337       -2.0045388409950297E-002  -1.8197389487746183E-003         719           1         145
   25.681024763333337       -2.0688485358606977E-002  -1.0579561353659809E-003         726           1         145
   25.681024763333337       -2.0399711015538620E-002  -1.9693211960377668E-003         741           1         145
   25.681024763333337       -2.0123364819514943E-002  -1.8066123985085577E-004         755           1         145
   25.681024763333337       -2.0125074559721731E-002  -1.2592335863929208E-003         764           1         145
   25.681024763333337       -2.0738382131197587E-002  -9.5544602015490985E-004         821           1         145
   25.681024763333337       -2.0420278467362912E-002  -1.2620323306077451E-003         825           1         145
   25.681024763333337       -2.0300538343907364E-002  -5.6167834471880181E-004         905           1         145
   25.681024763333337       -2.0309741355496836E-002  -6.8032892733366196E-005         914           1         145
   25.681024763333337       -2.0048082250618830E-002  -1.5384038927257128E-003         929           1         145
   25.681024763333337       -2.0284963779823303E-002  -2.0508936716058706E-003         951           1         145
   25.681024763333337       -2.0196769892679885E-002  -2.1029732392215555E-003         958           1         145
   25.681024763333337       -2.0486147027340314E-002  -3.9233957153931385E-005         960           1         145
   25.681024763333337       -2.0853576725691027E-002  -6.3678735832512038E-005         963           1         145
   25.681024763333337       -2.0176396103103036E-002  -1.8717801355676445E-003         969           1         145
   25.681024763333337       -2.0323116336182542E-002  -3.8364087711358324E-004         987           1         145
   25.681024763333337       -2.0863662367947133E-002  -8.9849116212014116E-004         989           1         145
   25.681024763333337       -2.0725282235376927E-002  -1.9712842241796413E-004        1017           1         145
   25.704358096666670       -2.0533018300473455E-002  -7.5898888889984961E-004          10           0         146
   25.704358096666670       -2.0613042957471177E-002  -1.8534174322864137E-003          24           0         146
   25.704358096666670       -2.0285288880308769E-002  -1.0565971856789462E-003          30           0         146
   25.704358096666670       -2.0256820884904988E-002  -6.9517156413968146E-007          44           0         146
   25.704358096666670       -2.0646546724621670E-002  -6.0734815320658182E-004          61           0         146
   25.704358096666670       -2.0295250661038641E-002  -2.5368672032633601E-003         102           0         146
   25.704358096666670       -2.0585167305651027E-002  -2.2437775556387370E-003         179           0         146
   25.704358096666670       -2.0507645700016640E-002  -1.3594752494777188E-003         223           0         146
   25.704358096666670       -2.0403643165632871E-002  -2.3534292295658843E-003         239           0         146
   25.704358096666670       -2.0281089294186094E-002  -4.0941496374688687E-005         251           0         146
   25.704358096666670       -2.0495802071582071E-002  -2.1261030291386206E-003         272           0         146
   25.704358096666670       -2.0467828498020629E-002  -4.7273030589997412E-004         296           0         146
   25.704358096666670       -2.0088037089453441E-002  -1.6631234182706118E-003         321           0         146
   25.704358096666670       -2.0015356829224239E-002  -2.4565398211090989E-003         341           0         146
   25.704358096666670       -2.0281190580615321E-002  -4.1503691370434556E-004         344           0         146
   25.704358096666670       -2.0753542869610252E-002  -8.2723592916988129E-004         368           0         146
   25.704358096666670       -2.0825183886270929E-002  -5.3501561855530291E-004         392           0         146
   25.704358096666670       -2.0722812991675742E-002  -1.7964384637446108E-004         404           0         146
   25.704358096666670       -2.0333868652776376E-002  -1.5663925286653795E-003         420           0         146
   25.704358096666670       -2.0498493618774764E-002  -1.5387417277147695E-003         447           0         146
   25.704358096666670       -2.0840987965567298E-002  -1.0325701561314147E-003         459           0         146
   25.704358096666670       -2.0573022894308596E-002  -2.3906667305046301E-004         463           0         146
   25.704358096666670       -2.0941470709429845E-002  -9.7899274123295710E-004         508           0         146
   25.704358096666670       -2.0059249320955558E-002  -1.5198047108074084E-003         550           0         146
   25.704358096666670       -2.0557863581064800E-002  -9.1327809824531152E-005         552           0         146
   25.704358096666670       -2.0879093500093836E-002  -9.4145540992455589E-004         553           0         146
   25.704358096666670       -2.0609240287261292E-002  -5.2784670576994737E-004         558           0         146
   25.704358096666670       -2.0186357992122154E-002  -1.6060677703723860E-003         595           0         146
   25.704358096666670       -2.0233035195949382E-002  -2.1641068778968176E-003         600           0         146
   25.704358096666670       -2.0094445600194751E-002  -1.2505948372326071E-003         616           0         146
   25.704358096666670       -2.0015791526990616E-002  -1.3079378651690086E-003         635           0         146
   25.704358096666670       -2.0719792950196856E-002  -5.0133833607867676E-004         641           0         146
   25.704358096666670       -2.0900715609020019E-002  -1.2272168492945470E-003         678           0         146
   25.704358096666670       -2.0186698414726388E-002  -2.2473444933958730E-004         707           0         146
   25.704358096666670       -2.0772828462026757E-002  -1.5315995042032950E-003         797           0         146
   25.704358096666670       -2.0738309344931361E-002  -8.3637500141803202E-004         807           0         146
   25.704358096666670       -2.0149377461531903E-002  -1.4891636639952179E-003         822           0         146
   25.704358096666670       -2.0159525872369948E-002  -1.9092504742420461E-004         834           0         146
   25.704358096666670       -2.0555626315355499E-002  -1.4936774051410293E-003         877           0         146
   25.704358096666670       -2.0219669600194258E-002  -2.4265723334050849E-003         888           0         146
   25.704358096666670       -2.0903222414511202E-002  -1.4956399296691583E-003         890           0         146
   25.704358096666670       -2.0372566231486755E-002  -2.3528274195196946E-003         892           0         146
   25.704358096666670       -2.0402142979923009E-002  -1.5957699012797086E-003         915           0         146
   25.704358096666670       -2.0129617962694083E-002  -3.7068469394281362E-004         924           0         146
   25.704358096666670       -2.0260982664591708E-002  -6.8276929170991714E-004         949           0         146
   25.704358096666670       -2.0496686615632843E-002  -1.1504920375252142E-003        1014           0         146
   25.727691430000004       -2.0818361693100917E-002  -2.0823805738134441E-004           7           0         146
   25.727691430000004       -2.0737454716453420E-002  -1.3905339756226068E-003          11           0         146
   25.727691430000004       -2.0513471173342505E-002  -1.5991546490758065E-003          34           0         146
   25.727691430000004       -2.0707205159249228E-002  -1.3615889587463733E-003          64           0         146
   25.727691430000004       -2.0242567378966830E-002  -1.7005694317814100E-003          88           0         146
   25.727691430000004       -2.0480062995551138E-002  -1.0452237125478272E-003          89           0         146
   25.727691430000004       -2.0337948574512103E-002  -4.2530769123757042E-004         110           0         146
   25.727691430000004       -2.0870507985829938E-002  -2.5183646967516008E-003         118           0         146
   25.727691430000004       -2.0233493747122400E-002  -1.2371657440770744E-003         120           0         146
   25.727691430000004       -2.0382949401292590E-002  -1.4390691010597986E-003         148           0         146
   25.727691430000004       -2.0775396754754340E-002  -1.5287813112349071E-003         157           0         146
   25.727691430000004       -2.0797793455991434E-002  -1.2028669143431213E-003         171           0         146
   25.727691430000004       -2.0275279975012210E-002  -1.4656098094437532E-003         185           0         146
   25.727691430000004       -2.0925309602824755E-002  -6.4906274751296358E-004         212           0         146
   25.727691430000004       -2.0300797537963971E-002  -2.5574747867200881E-003         220           0         146
   25.727691430000004       -2.0190294083237130E-002  -1.0616961856461697E-003         222           0         146
   25.727691430000004       -2.0917889647760441E-002  -1.2670255980675152E-003         227           0         146
   25.727691430000004       -2.0093831772287140E-002  -6.1950700698570405E-004         228           0         146
   25.727691430000004       -2.0782424146802765E-002  -2.5234855962400953E-003         229           0         146
   25.727691430000004       -2.0360564950142396E-002  -1.3761676456646190E-003         233           0         146
   25.727691430000004       -2.0080722464941386E-002  -2.4397453371159429E-003         254           0         146
   25.727691430000004       -2.0205180702289917E-002  -7.9007732557922279E-004         273           0         146
   25.727691430000004       -2.0868092935323875E-002  -2.4453987390109836E-003         284           0         146
   25.727691430000004       -2.0279702710320265E-002  -9.4643558420539340E-004         308           0         146
   25.727691430000004       -2.0503610407619086E-002  -1.2475060884074664E-004         310           0         146
   25.727691430000004       -2.0933355674447179E-002  -6.0607235096996704E-005         319           0         146
   25.727691430000004       -2.0791870836958156E-002  -9.3226623778310035E-004         408           0         146
   25.727691430000004       -2.0171026211333737E-002  -1.6040186475751808E-003         457           0         146
   25.727691430000004       -2.0178930184779651E-002  -2.6587840925602424E-003         525           0         146
   25.727691430000004       -2.0277563872634789E-002  -5.7387023608257317E-004         528           0         146
   25.727691430000004       -2.0831498130415384E-002  -1.6853870244623961E-003         544           0         146
   25.727691430000004       -2.0108386972560757E-002  -4.3002686397254262E-004         571           0         146
   25.727691430000004       -2.0057453471779493E-002  -6.2746296881707384E-004         579           0         146
   25.727691430000004       -2.0290341986651365E-002  -2.0909335464902676E-003         585           0         146
   25.727691430000004       -2.0365860170719705E-002  -1.1607493074689869E-003         589           0         146
   25.727691430000004       -2.0745631157710321E-002  -2.4772709522315256E-003         601           0         146
   25.727691430000004       -2.0468288776889960E-002  -1.1517365749685179E-003         604           0         146
   25.727691430000004       -2.0060482859811549E-002  -4.2849819406627821E-004         610           0         146
   25.727691430000004       -2.0785274487395911E-002  -8.6297436367635397E-004         642           0         146
   25.727691430000004       -2.0938086768511308E-002  -1.9348958092030263E-003         650           0         146
   25.727691430000004       -2.0216824377931451E-002  -2.1679737084528846E-003         675           0         146
   25.727691430000004       -2.0257685583835412E-002  -8.8439393553619466E-004         676           0         146
   25.727691430000004       -2.0842245513845382E-002  -2.0413765626486318E-003         681           0         146
   25.727691430000004       -2.0350953307630388E-002  -5.5850898567604869E-004         696           0         146
   25.727691430000004       -2.0891476550014641E-002  -8.9820451120685137E-004         713           0         146
   25.727691430000004       -2.0396136230773514E-002  -6.6161644077843693E-004         766           0         146
   25.727691430000004       -2.0298063834432063E-002  -2.4677180676610996E-003         774           0         146
   25.727691430000004       -2.0331658922548217E-002  -2.3746545366176497E-005         793           0         146
   25.727691430000004       -2.0667689101390933E-002  -1.5505453306098949E-003         803           0         146
   25.727691430000004       -2.0588078010894791E-002  -2.0778737485141557E-003         855           0         146
   25.727691430000004       -2.0040710410139231E-002  -2.8023965592895374E-003         867           0         146
   25.727691430000004       -2.0974604325988411E-002  -2.4428466906479375E-003         868           0         146
   25.727691430000004       -2.0468727751377296E-002  -2.7698599431467369E-003         875           0         146
   25.727691430000004       -2.0671527465471615E-002  -1.4922754971031515E-003         879           0         146
   25.727691430000004       -2.0031337155759898E-002  -7.2886322857816470E-004         883           0         146
   25.727691430000004       -2.0722728632554657E-002  -1.8501231936762154E-003         925           0         146
   25.727691430000004       -2.0141458330093662E-002  -1.0504935464178342E-003         933           0         146
   25.727691430000004       -2.0452833459896579E-002  -1.0281868985659477E-003         947           0         146
   25.727691430000004       -2.0488154075764223E-002  -3.7843376143392688E-005         968           0         146
   25.727691430000004       -2.0504308385543603E-002  -3.2300752711291250E-004         975           0         146
   25.727691430000004       -2.0855343903790784E-002  -1.5005281812016831E-003         980           0         146
   25.727691430000004       -2.0104838652771424E-002  -1.1559902406374240E-003         985           0         146
   25.751024763333337       -2.0922469053217829E-002  -1.7643709899158573E-003           4           0         146
   25.751024763333337       -2.0661037560891393E-002  -2.7933714390951355E-003          17           0         146
   25.751024763333337       -2.0115234177145985E-002  -1.8450978552862376E-003          22           0         146
   25.751024763333337       -2.0069792275201875E-002  -1.2393188605129459E-004          28           0         146
   25.751024763333337       -2.0739837078141147E-002  -1.6193044561542383E-003          51           0         146
   25.751024763333337       -2.0025977544145788E-002  -1.4103568554372197E-003          59           0         146
   25.751024763333337       -2.0506329666275518E-002  -1.8891891494733951E-003          62           0         146
   25.751024763333337       -2.0023332455144101E-002  -1.5831599792185292E-004         133           0         146
   25.751024763333337       -2.0853520092884954E-002  -7.4882027431386999E-004         182           0         146
   25.751024763333337       -2.0361629701457537E-002  -2.2390296966720710E-004         184           0         146
   25.751024763333337       -2.0245317944336823E-002  -2.1980570210500018E-003         186           0         146
   25.751024763333337       -2.0564122524303435E-002  -2.7301133284079500E-004         235           0         146
   25.751024763333337       -2.0092229990929768E-002  -4.0253221699418753E-004         277           0         146
   25.751024763333337       -2.0215877129439667E-002  -1.1876851647587217E-004         282           0         146
   25.751024763333337       -2.0758929277980561E-002  -9.5851940331598409E-005         292           0         146
   25.751024763333337       -2.0202036520241134E-002  -1.8908650272477247E-003         294           0         146
   25.751024763333337       -2.0010964570201378E-002  -6.1685643246976371E-004         317           0         146
   25.751024763333337       -2.0283239472002952E-002  -1.0780254326774551E-003         330           0         146
   25.751024763333337       -2.0827227789647372E-002  -2.1929185314292342E-003         353           0         146
   25.751024763333337       -2.0358857929355240E-002  -1.6277287861706014E-003         373           0         146
   25.751024763333337       -2.0638540478220092E-002  -3.2160670105057962E-004         384           0         146
   25.751024763333337       -2.0759808456208288E-002  -3.2331241505943146E-005         413           0         146
   25.751024763333337       -2.0677934777028246E-002  -4.7459629231486733E-005         423           0         146
   25.751024763333337       -2.0384080126528113E-002  -1.0762603066869171E-003         483           0         146
   25.751024763333337       -2.0328523737794146E-002  -2.6202807775150285E-003         532           0         146
   25.751024763333337       -2.0472473510959429E-002  -8.8266809818782004E-004         554           0         146
   25.751024763333337       -2.0867080446921780E-002  -5.5858261985023750E-004         591           0         146
   25.751024763333337       -2.0338638010824459E-002  -1.4997719652844813E-003         592           0         146
   25.751024763333337       -2.0799489536986841E-002  -5.4327623685871953E-005         593           0         146
   25.751024763333337       -2.0234502502848813E-002  -2.4641457480431791E-003         603           0         146
   25.751024763333337       -2.0131587357395342E-002  -1.5071920454789471E-003         620           0         146
   25.751024763333337       -2.0483757221439004E-002  -2.2390431049817382E-003         638           0         146
   25.751024763333337       -2.0178115669110305E-002  -5.2272615876422187E-004         644           0         146
   25.751024763333337       -2.0219955099575415E-002  -2.6048812605349025E-003         700           0         146
   25.751024763333337       -2.0868534118148450E-002  -2.7206944755108751E-003         708           0         146
   25.751024763333337       -2.0844328776579917E-002  -7.5833359394589193E-005         723           0         146
   25.751024763333337       -2.0799839775215618E-002  -1.1648478286149272E-003         736           0         146
   25.751024763333337       -2.0768965396075534E-002  -3.8380463505755453E-005         748           0         146
   25.751024763333337       -2.0643112884839655E-002  -6.0392435243023825E-004         767           0         146
   25.751024763333337       -2.0500071247356470E-002  -1.9888688425843204E-003         768           0         146
   25.751024763333337       -2.0482358159702990E-002  -2.6220823935997487E-003         791           0         146
   25.751024763333337       -2.0471225588942300E-002  -1.7748378068803403E-003         798           0         146
   25.751024763333337       -2.0831452883012500E-002  -1.7472007682201251E-003         813           0         146
   25.751024763333337       -2.0262848703320513E-002  -2.0627847537847939E-003         863           0         146
   25.751024763333337       -2.0456363130609376E-002  -4.8185384636590349E-004         896           0         146
   25.751024763333337       -2.0490431570994522E-002  -2.4574197374176128E-003         902           0         146
   25.751024763333337       -2.0339945666623553E-002  -6.8208076581354241E-004         937           0         146
   25.751024763333337       -2.0667177387497609E-002  -1.0290877156415360E-003         944           0         146
   25.751024763333337       -2.0614151815359038E-002  -4.9144895532980259E-004         946           0         146
   25.751024763333337       -2.0275543616618857E-002  -1.2856455317859260E-004         972           0         146
   25.751024763333337       -2.0665809030985326E-002  -2.2455135811132857E-003         974           0         146
   25.751024763333337       -2.0212312411031063E-002  -1.4939085871056284E-004         981           0         146
   25.751024763333337       -2.0604636631749367E-002  -1.4393376953170157E-003         986           0         146
   25.751024763333337       -2.0727815702945795E-002  -1.6779107170221115E-003         999           0         146
   25.751024763333337       -2.0007339914645466E-002  -2.1288579476170834E-003        1012           0         146
   25.751024763333337       -2.0688105430282936E-002  -2.2360925295872168E-003        1016           0         146
   25.774358096666671       -2.0198210147597206E-002  -1.0204485662049796E-003          42           0         146
   25.774358096666671       -2.0716559100026011E-002  -4.6543633967326847E-004          50           0         146
   25.774358096666671       -2.0327965352359565E-002  -1.5029289519418317E-003          70           0         146
   25.774358096666671       -2.0084278844246201E-002  -1.3113477454316275E-003          75           0         146
   25.774358096666671       -2.0101819672333529E-002  -2.8582526415518394E-003         103           0         146
   25.774358096666671       -2.0748381677616737E-002  -1.4346985441250206E-004         104           0         146
   25.774358096666671       -2.0191700584421032E-002  -2.2162444327119540E-003         113           0         146
   25.774358096666671       -2.0600528222617976E-002  -1.1894218727822173E-003         115           0         146
   25.774358096666671       -2.0857182354453975E-002  -7.4038170546944103E-004         121           0         146
   25.774358096666671       -2.0030537908532074E-002  -1.2014165604507198E-003         144           0         146
   25.774358096666671       -2.0319533671344234E-002  -5.8574712741755932E-004         200           0         146
   25.774358096666671       -2.0732366770415605E-002  -2.3386645792177817E-003         217           0         146
   25.774358096666671       -2.0289640414251246E-002  -1.2535774209115546E-003         256           0         146
   25.774358096666671       -2.0141631626246152E-002  -8.9942156253604408E-004         270           0         146
   25.774358096666671       -2.0387633608327200E-002  -1.8916143757715042E-003         279           0         146
   25.774358096666671       -2.0203536368830769E-002  -1.9276798685287538E-003         287           0         146
   25.774358096666671       -2.0676968322332397E-002  -1.9838274360422413E-004         289           0         146
   25.774358096666671       -2.0063906222318521E-002  -2.1647639179595678E-003         299           0         146
   25.774358096666671       -2.0202620725021419E-002  -1.6196029741457592E-003         340           0         146
   25.774358096666671       -2.0667364026798640E-002  -1.7091886771616648E-003         352           0         146
   25.774358096666671       -2.0678137939755217E-002  -1.4950468543567077E-003         374           0         146
   25.774358096666671       -2.0214158921074574E-002  -2.4448882400932301E-003         448           0         146
   25.774358096666671       -2.0244595610314917E-002  -1.2440753145769225E-003         471           0         146
   25.774358096666671       -2.0704607517214663E-002  -2.5520609805035685E-004         495           0         146
   25.774358096666671       -2.0536981284350497E-002  -5.1943811432617862E-004         499           0         146
   25.774358096666671       -2.0057869301022043E-002  -2.2452446211449401E-003         511           0         146
   25.774358096666671       -2.0071582410222288E-002  -1.9035710585663210E-004         517           0         146
   25.774358096666671       -2.0608062016792841E-002  -1.9069335462532452E-004         541           0         146
   25.774358096666671       -2.0742107807265125E-002  -2.1472611211769683E-003         567           0         146
   25.774358096666671       -2.0799479000598479E-002  -2.6600667217752719E-003         577           0         146
   25.774358096666671       -2.0504046837630047E-002  -4.5840219302196262E-004         588           0         146
   25.774358096666671       -2.0657822943294581E-002  -1.8281137151179272E-003         590           0         146
   25.774358096666671       -2.0308399034434352E-002  -1.0100819500233585E-004         613           0         146
   25.774358096666671       -2.0270179590515164E-002  -1.8332683914995655E-003         630           0         146
   25.774358096666671       -2.0365518734197039E-002  -1.4794108814005160E-003         658           0         146
   25.774358096666671       -2.0601305489299882E-002  -2.4495051571409793E-003         659           0         146
   25.774358096666671       -2.0290323054012408E-002  -1.9919087869655046E-003         664           0         146
   25.774358096666671       -2.0415048526352293E-002  -5.1444473867358998E-005         711           0         146
   25.774358096666671       -2.0750495454370591E-002  -1.5105454307320089E-003         715           0         146
   25.774358096666671       -2.0013759802955656E-002  -3.3694827618450414E-004         721           0         146
   25.774358096666671       -2.0646560750937893E-002  -2.2556426402843485E-003         724           0         146
   25.774358096666671       -2.0632357030098601E-002  -3.9625317846252292E-004         744           0         146
   25.774358096666671       -2.0894166614805518E-002  -1.1245203537143587E-003         771           0         146
   25.774358096666671       -2.0168616093166544E-002  -1.4070533399902602E-003         787           0         146
   25.774358096666671       -2.0592128760471208E-002  -8.2439341345602526E-004         790           0         146
   25.774358096666671       -2.0314755633985052E-002  -1.8203246124594782E-003         795           0         146
   25.774358096666671       -2.0786012465855531E-002  -1.2527853256846082E-003         799           0         146
   25.774358096666671       -2.0612011188579252E-002  -3.7999738099847466E-004         806           0         146
   25.774358096666671       -2.0685749319198261E-002  -9.9191639385884118E-004         810           0         146
   25.774358096666671       -2.0546147532592030E-002  -5.7569770993386204E-004         823           0         146
   25.774358096666671       -2.0192608029305399E-002  -2.0821891852561372E-003         837           0         146
   25.774358096666671       -2.0780102433962569E-002  -1.5272788573942166E-003         869           0         146
   25.774358096666671       -2.0583696426704545E-002  -1.7020798573988540E-003         913           0         146
   25.774358096666671       -2.0589462352977657E-002  -1.5451358693663719E-003         928           0         146
   25.774358096666671       -2.0161097264506395E-002  -1.9820884931676364E-003         932           0         146
   25.774358096666671       -2.0815958278914439E-002  -6.2823642766847215E-004         952           0         146
   25.774358096666671       -2.0839986106779188E-002  -1.5546900556166522E-003         962           0         146
   25.774358096666671       -2.0667379510756541E-002  -1.2083880752366029E-003         970           0         146
   25.774358096666671       -2.0117573664767782E-002  -2.0459254637718405E-003         996           0         146
   25.774358096666671       -2.0227628227719410E-002  -1.8478070096076453E-004        1019           0         146
   25.797691430000004       -2.0110019048428983E-002  -1.5664017245451960E-004          41           0         146
   25.797691430000004       -2.0059232471190003E-002  -1.4764035275290725E-004          78           0         146
   25.797691430000004       -2.0221122978935080E-002  -1.2957973727707121E-003         119           0         146
   25.797691430000004       -2.0847252921915537E-002  -7.3874351941962671E-004         130           0         146
   25.797691430000004       -2.0755183621370226E-002  -5.8988483482144357E-004         153           0         146
   25.797691430000004       -2.0752153623569119E-002  -1.5626700403211825E-004         181           0         146
   25.797691430000004       -2.0192964187115227E-002  -1.1731079208569118E-003         197           0         146
   25.797691430000004       -2.0068942975408829E-002  -1.2809436553097530E-003         226           0         146
   25.797691430000004       -2.0029311214129462E-002  -2.6615283499216722E-003         231           0         146
   25.797691430000004       -2.0106532667166728E-002  -2.2123499498607718E-003         242           0         146
   25.797691430000004       -2.0273716660739054E-002  -2.1309954341755932E-003         260           0         146
   25.797691430000004       -2.0160272620932663E-002  -9.4139987747352244E-004         262           0         146
   25.797691430000004       -2.0611777327286751E-002  -2.6280079839443443E-003         320           0         146
   25.797691430000004       -2.0552544793762059E-002  -3.2357075716298478E-004         345           0         146
   25.797691430000004       -2.0456127610959624E-002  -2.6332485202006193E-004         381           0         146
   25.797691430000004       -2.0664220673837955E-002  -2.3805435226470278E-003         389           0         146
   25.797691430000004       -2.0660011558557949E-002  -1.7216956633806417E-003         402           0         146
   25.797691430000004       -2.0049004192444091E-002  -2.3070498204565736E-003         403           0         146
   25.797691430000004       -2.0195866616296691E-002  -8.3523464425943857E-004         422           0         146
   25.797691430000004       -2.0615283249096651E-002  -6.5255724267711436E-005         431           0         146
   25.797691430000004       -2.0110175520716759E-002  -3.1745052560795412E-004         433           0         146
   25.797691430000004       -2.0212753804766625E-002  -1.4831344923623686E-003         488           0         146
   25.797691430000004       -2.0225184199276124E-002  -1.9557726860522881E-005         489           0         146
   25.797691430000004       -2.0133617728073309E-002  -2.4876754530875752E-003         531           0         146
   25.797691430000004       -2.0284271878778716E-002  -1.8191238544819082E-003         572           0         146
   25.797691430000004       -2.0314849068177727E-002  -6.4888686234376518E-004         583           0         146
   25.797691430000004       -2.0589161476783271E-002  -8.6772769391190352E-004         597           0         146
   25.797691430000004       -2.0393123825635146E-002  -1.6313586131834984E-003         628           0         146
   25.797691430000004       -2.0548115039170565E-002  -1.9060982586456532E-003         629           0         146
   25.797691430000004       -2.0767905535349875E-002  -4.9828463565666130E-004         640           0         146
   25.797691430000004       -2.0823243681425622E-002  -1.0095144062838635E-003         725           0         146
   25.797691430000004       -2.0533920859716739E-002  -1.2384856489413723E-003         731           0         146
   25.797691430000004       -2.0286276432755077E-002  -1.7895151392707139E-003         775           0         146
   25.797691430000004       -2.0611052025762078E-002  -4.6842776741098393E-004         815           0         146
   25.797691430000004       -2.0021888390281010E-002  -2.2958196568449024E-003         817           0         146
   25.797691430000004       -2.0726657953530483E-002  -1.0574975080351844E-003         830           0         146
   25.797691430000004       -2.0194917640824331E-002  -2.4724781781444607E-003         831           0         146
   25.797691430000004       -2.0104748255311399E-002  -1.7448850772168584E-003         841           0         146
   25.797691430000004       -2.0068987846943522E-002  -1.9987233404536327E-003         930           0         146
   25.797691430000004       -2.0122610609395429E-002  -2.4551657165412604E-003         934           0         146
   25.797691430000004       -2.0643663520682313E-002  -5.5341848469196828E-004         984           0         146
   25.797691430000004       -2.0378755286703604E-002  -1.4459229406042346E-003        1008           0         146
   25.821024763333337       -2.0375191338113902E-002  -1.6784241808414605E-003          19           0         146
   25.821024763333337       -2.0319878541274775E-002  -1.4934227601834985E-003          47           0         146
   25.821024763333337       -2.0316801018776389E-002  -5.1181539317021773E-004          55           0         146
   25.821024763333337       -2.0404787283121645E-002  -1.6504141958622130E-003          58           0         146
   25.821024763333337       -2.0039668485365265E-002  -2.2526157992222785E-003          65           0         146
   25.821024763333337       -2.0327294768199930E-002  -1.6223221732007034E-003          82           0         146
   25.821024763333337       -2.0342106944954152E-002  -8.4041135581899227E-005          84           0         146
   25.821024763333337       -2.0152763567573007E-002  -1.4689178527289157E-004          98           0         146
   25.821024763333337       -2.0788163676937095E-002  -1.9971037873029883E-005         100           0         146
   25.821024763333337       -2.0064734168227405E-002  -1.1225014361055229E-003         107           0         146
   25.821024763333337       -2.0489175115155148E-002  -1.3053029797459410E-003         111           0         146
   25.821024763333337       -2.0385240310085768E-002  -2.6082304747262666E-003         114           0         146
   25.821024763333337       -2.0222525519684918E-002  -2.3147950487172413E-003         124           0         146
   25.821024763333337       -2.0717849878117159E-002  -8.2136453407516939E-004         127           0         146
   25.821024763333337       -2.0703851755669720E-002  -2.2436634000513257E-004         131           0         146
   25.821024763333337       -2.0609408316344485E-002  -1.6477148185116669E-003         142           0         146
   25.821024763333337       -2.0405735029837408E-002  -8.7470627748811815E-004         175           0         146
   25.821024763333337       -2.0674440473006938E-002  -4.5566160786456348E-004         180           0         146
   25.821024763333337       -2.0800574622257487E-002  -9.6756703221319372E-004         192           0         146
   25.821024763333337       -2.0168596568088434E-002  -2.1863508930989209E-003         208           0         146
   25.821024763333337       -2.0508863288148230E-002  -2.7429336473870853E-003         210           0         146
   25.821024763333337       -2.0454512415398109E-002  -1.7356617717391610E-003         241           0         146
   25.821024763333337       -2.0175793411425641E-002  -1.9958845280540994E-003         245           0         146
   25.821024763333337       -2.0628752909304094E-002  -6.9190829758412092E-005         259           0         146
   25.821024763333337       -2.0447461289907518E-002  -2.4144007180418310E-003         283           0         146
   25.821024763333337       -2.0693021023185567E-002  -8.1322148597192756E-005         303           0         146
   25.821024763333337       -2.0604405209688054E-002  -1.8868082612723644E-003         350           0         146
   25.821024763333337       -2.0673083193741917E-002  -3.7550482979144771E-004         361           0         146
   25.821024763333337       -2.0538840341764432E-002  -3.4661530398595249E-005         369           0         146
   25.821024763333337       -2.0171649749126476E-002  -7.3238923589585652E-004         372           0         146
   25.821024763333337       -2.0298793176117758E-002  -1.2178964079532565E-003         393           0         146
   25.821024763333337       -2.0186392368679740E-002  -1.6614332244045438E-004         407           0         146
   25.821024763333337       -2.0436101252304821E-002  -1.9774031961806420E-003         439           0         146
   25.821024763333337       -2.0526892117407557E-002  -2.1709222468397405E-003         454           0         146
   25.821024763333337       -2.0567457466072785E-002  -2.6528362348098537E-004         498           0         146
   25.821024763333337       -2.0272679998101034E-002  -2.6715144416804564E-003         522           0         146
   25.821024763333337       -2.0194099575624236E-002  -2.9330168208532665E-003         524           0         146
   25.821024763333337       -2.0234563026279493E-002  -1.7069924142515819E-003         548           0         146
   25.821024763333337       -2.0338170533772928E-002  -1.7226033810533968E-003         586           0         146
   25.821024763333337       -2.0754823611624864E-002  -1.4032775432350152E-003         609           0         146
   25.821024763333337       -2.0444924526485015E-002  -9.5882882847883532E-005         612           0         146
   25.821024763333337       -2.0486364653359110E-002  -1.4544502408016669E-004         625           0         146
   25.821024763333337       -2.0648707419389952E-002  -1.4866388845506822E-003         665           0         146
   25.821024763333337       -2.0544737114274361E-002  -1.6304094912570387E-003         706           0         146
   25.821024763333337       -2.0181824428476419E-002  -1.4886788372772276E-004         716           0         146
   25.821024763333337       -2.0448852230696805E-002  -8.4639549543401424E-004         745           0         146
   25.821024763333337       -2.0183400275095239E-002  -2.3179103415554604E-003         752           0         146
   25.821024763333337       -2.0007930862430558E-002  -1.9477872512817772E-003         805           0         146
   25.821024763333337       -2.0716049298533261E-002  -2.1668571992889568E-003         808           0         146
   25.821024763333337       -2.0469734823616272E-002  -1.9019188923754323E-003         824           0         146
   25.821024763333337       -2.0509671432704383E-002  -8.7687315868429402E-004         827           0         146
   25.821024763333337       -2.0137552111760854E-002  -1.5665210475742506E-004         829           0         146
   25.821024763333337       -2.0713454179932100E-002  -6.7728736530474733E-004         832           0         146
   25.821024763333337       -2.0420685642077805E-002  -2.5370843809246358E-003         881           0         146
   25.821024763333337       -2.0748122268838411E-002  -4.4184175660784501E-004         904           0         146
   25.821024763333337       -2.0138193299972136E-002  -1.7264992181272652E-003         959           0         146
   25.821024763333337       -2.0759209379019903E-002  -1.5240656656933002E-003         973           0         146
   25.821024763333337       -2.0145068179937480E-002  -2.4728400149251180E-003         990           0         146
   25.821024763333337       -2.0351231410821197E-002  -1.7315628409285578E-003        1007           0         146
   25.821024763333337       -2.0388709698835560E-002  -5.4804924005385136E-004        1013           0         146
   25.844358096666671       -2.0287458241858684E-002  -1.4487453330430070E-003          13           1         147
   25.844358096666671       -2.0436748228722559E-002  -3.2104697121861060E-004          56           1         147
   25.844358096666671       -2.0429484827153895E-002  -7.2707935172454361E-005          72           1         147
   25.844358096666671       -2.0539140532896644E-002  -2.2872654857438116E-003         151           1         147
   25.844358096666671       -2.0104632903122827E-002  -2.4587469708169992E-003         166           1         147
   25.844358096666671       -2.0248615433266014E-002  -1.3724660058476517E-003         194           1         147
   25.844358096666671       -2.0227860497505183E-002  -1.0862223904335962E-003         230           1         147
   25.844358096666671       -2.0367863545815813E-002  -8.8245646719352244E-005         265           1         147
   25.844358096666671       -2.0628899567617195E-002  -2.1496768836603872E-003         306           1         147
   25.844358096666671       -2.0678135517868144E-002  -5.0204678446756797E-004         307           1         147
   25.844358096666671       -2.0342832979575641E-002  -2.3972946120465483E-003         331           1         147
   25.844358096666671       -2.0323719874947205E-002  -1.0681932302850784E-003         358           1         147
   25.844358096666671       -2.0736178282403948E-002  -1.8766820878468539E-003         432           1         147
   25.844358096666671       -2.0396834205088536E-002  -3.6685254645102032E-004         436           1         147
   25.844358096666671       -2.0394851102264813E-002  -1.6303117260881548E-004         557           1         147
   25.844358096666671       -2.0576988181066850E-002  -1.0776600840531505E-003         563           1         147
   25.844358096666671       -2.0431064109729249E-002  -2.0389226838183716E-003         568           1         147
   25.844358096666671       -2.0162186707802867E-002  -1.2278347635958401E-003         587           1         147
   25.844358096666671       -2.0373500141514785E-002  -2.5446946395309648E-003         596           1         147
   25.844358096666671       -2.0730241960666255E-002  -2.7372415909630651E-005         598           1         147
   25.844358096666671       -2.0157415112731943E-002  -4.9648017541476549E-004         608           1         147
   25.844358096666671       -2.0377419371692403E-002  -1.3784533094274261E-003         618           1         147
   25.844358096666671       -2.0589056811797846E-002  -1.8609238362813901E-003         637           1         147
   25.844358096666671       -2.0685648947889691E-002  -8.4457445360637537E-005         643           1         147
   25.844358096666671       -2.0185263228123397E-002  -1.5851977504952462E-003         652           1         147
   25.844358096666671       -2.0635865949138896E-002  -8.6789863374490722E-004         655           1         147
   25.844358096666671       -2.0259299213245680E-002  -2.1980639968071877E-003         671           1         147
   25.844358096666671       -2.0498061765784059E-002  -3.1901951324513468E-004         679           1         147
   25.844358096666671       -2.0541395746843844E-002  -1.6328488061863077E-003         784           1         147
   25.844358096666671       -2.0517179506392456E-002  -3.5707825858821094E-004         788           1         147
   25.844358096666671       -2.0530671448026075E-002  -2.1649507688805535E-003         811           1         147
   25.844358096666671       -2.0072508342031222E-002  -2.6944756370968406E-003         898           1         147
   25.844358096666671       -2.0474291225283540E-002  -1.6121550919377780E-003         912           1         147
   25.844358096666671       -2.0493006769328827E-002  -2.7848762036712348E-003         978           1         147
   25.844358096666671       -2.0368516509457334E-002  -7.0046389138060379E-004        1003           1         147
   25.867691430000004       -2.0388098988062618E-002  -2.1800206050145721E-004          74           1         147
   25.867691430000004       -2.0287975566075520E-002  -8.0939718610490848E-005         112           1         147
   25.867691430000004       -2.0195031910590317E-002  -1.6463443511484563E-003         145           1         147
   25.867691430000004       -2.0231017774483790E-002  -1.9180837225592085E-003         193           1         147
   25.867691430000004       -2.0226641185164245E-002  -2.8129896556772986E-003         204           1         147
   25.867691430000004       -2.0114823977079591E-002  -2.5211949424254026E-004         276           1         147
   25.867691430000004       -2.0571282507436055E-002  -1.3304345534213245E-003         390           1         147
   25.867691430000004       -2.0063103121044430E-002  -4.1250844663780239E-004         400           1         147
   25.867691430000004       -2.0549556672682538E-002  -2.7446384783459156E-003         419           1         147
   25.867691430000004       -2.0518539821980982E-002  -2.1652790203045310E-003         427           1         147
   25.867691430000004       -2.0490995401737336E-002  -2.1983586857346601E-003         434           1         147
   25.867691430000004       -2.0080444089647508E-002  -3.9555824437946616E-004         496           1         147
   25.867691430000004       -2.0503089655018552E-002  -5.5615433798965135E-004         515           1         147
   25.867691430000004       -2.0445230105833864E-002  -6.9221160298728223E-005         599           1         147
   25.867691430000004       -2.0375241276816877E-002  -2.2953876627186073E-003         614           1         147
   25.867691430000004       -2.0240196265131606E-002  -2.9616634583645881E-004         626           1         147
   25.867691430000004       -2.0450073646558681E-002  -2.8123924354325363E-003         773           1         147
   25.867691430000004       -2.0328821835332734E-002  -1.8295890850841554E-003         842           1         147
   25.867691430000004       -2.0255945418873419E-002  -5.0841173738885382E-004         865           1         147
   25.867691430000004       -2.0266465695662997E-002  -2.0755936239852633E-003         886           1         147
   25.867691430000004       -2.0040466284626562E-002  -2.0480132374241578E-004         900           1         147
   25.867691430000004       -2.0545804991842470E-002  -8.3817559667152613E-004         903           1         147
   25.867691430000004       -2.0248704156028564E-002  -2.2571702303097316E-004         998           1         147
   25.891024763333338       -2.0414595900914122E-002  -2.2838290808952842E-003          69           1         147
   25.891024763333338       -2.0002851533241821E-002  -7.4159428553985762E-005          79           1         147
   25.891024763333338       -2.0190993867442053E-002  -2.2370624010897961E-003          93           1         147
   25.891024763333338       -2.0177596926120464E-002  -5.3263025136423116E-004         178           1         147
   25.891024763333338       -2.0038532308679257E-002  -2.2644192639072872E-003         191           1         147
   25.891024763333338       -2.0354880328770218E-002  -2.2501375485042990E-003         219           1         147
   25.891024763333338       -2.0373434214489259E-002  -1.3651797487425760E-003         221           1         147
   25.891024763333338       -2.0352626880589000E-002  -2.3073706773414532E-004         255           1         147
   25.891024763333338       -2.0068865732381633E-002  -1.4379397512449890E-003         290           1         147
   25.891024763333338       -2.0352151700790019E-002  -1.4068583358531441E-003         370           1         147
   25.891024763333338       -2.0338764002495107E-002  -6.5745415126471400E-004         387           1         147
   25.891024763333338       -2.0046025525226538E-002  -1.9401491002189405E-003         426           1         147
   25.891024763333338       -2.0396117207479737E-002  -2.2666477462434274E-003         469           1         147
   25.891024763333338       -2.0238695390351450E-002  -1.4275000931852472E-003         526           1         147
   25.891024763333338       -2.0123288213867982E-002  -1.4927946128939047E-003         615           1         147
   25.891024763333338       -2.0349508564306409E-002  -2.0744983787968191E-003         649           1         147
   25.891024763333338       -2.0072920519638264E-002  -2.0194244891304371E-004         651           1         147
   25.891024763333338       -2.0078145509456538E-002  -1.5342797604539255E-003         695           1         147
   25.891024763333338       -2.0154126510398395E-002  -1.0306212896324209E-003         729           1         147
   25.891024763333338       -2.0277829337926295E-002  -6.1181925064379952E-005         737           1         147
   25.891024763333338       -2.0386443703249990E-002  -1.8376363510482388E-004         747           1         147
   25.891024763333338       -2.0163060229758788E-002  -2.6446108191969147E-003         922           1         147
   25.914358096666671       -2.0127098521756592E-002  -2.3203552832452807E-004          49           1         147
   25.914358096666671       -2.0047717711610565E-002  -2.0509561856698866E-003          54           1         147
   25.914358096666671       -2.0255557788968155E-002  -1.8614657162056058E-003          67           1         147
   25.914358096666671       -2.0209904766041627E-002  -8.2118678103495354E-005         156           1         147
   25.914358096666671       -2.0191966703826392E-002  -6.7480897748978274E-004         214           1         147
   25.914358096666671       -2.0197010502229551E-002  -2.8483997921199323E-004         336           1         147
   25.914358096666671       -2.0096279736313536E-002  -2.8058048183916225E-003         485           1         147
   25.914358096666671       -2.0243887706517732E-002  -1.2113139666586443E-003         556           1         147
   25.914358096666671       -2.0042508500978877E-002  -8.5145018319411972E-004         632           1         147
   25.914358096666671       -2.0230485602182057E-002  -2.0863724361735109E-003         670           1         147
   25.914358096666671       -2.0104613704273130E-002  -2.4344930142771808E-005         866           1         147
   25.937691430000005       -2.0053633779010059E-002  -1.3513348614281721E-003         106           1         147
   25.937691430000005       -2.0044934700005391E-002  -1.3079690652512269E-003         712           1         147
