 z     x     y     pID   elem_type  elem_sequence
   14.0445957155001       2.832066217649944E-002 -3.261111304570644E-004
        3599           1          64
   147.620880577391       2.846030930341523E-002 -9.613944621019211E-003
        3108           1         139
   267.546569724779      -2.835236365918157E-002 -1.064115423382329E-002
        3531           1         139
   333.769433441838      -2.845505475359304E-002  2.710414376365556E-003
        3365           1          64
   507.334948019433       2.829680902052160E-002 -9.130364343930107E-003
         386           1         139
   627.218637166830       2.843264768680899E-002  1.082086758016842E-002
        3420           1         139
   761.783364600000       2.841395849918920E-002 -7.579976592740198E-003
         310           1           9
   801.751594315796      -2.834566150809261E-002  9.689825491924270E-003
         753           1           9
   893.303649462893      -2.845160302634325E-002  1.779296468437894E-003
        3370           1          64
   906.975245177405      -2.844975279935652E-002  9.018313079215599E-003
        3421           1         139
   1186.79485318877       2.839793411814813E-002 -6.724610159245806E-003
        3750           1         139
   1281.32835090666       2.828771030736258E-002  1.002495808944553E-002
         510           1           9
   1386.61500176874      -2.848644954238538E-002 -1.084454762125878E-002
         463           1         139
   1452.87986548617       2.846037043582559E-002  7.356478964341950E-004
        3284           1          64
   1892.40851736209       2.829198027528891E-002 -1.046606707145990E-003
        3230           0          63
   1986.07944750864       2.858936179676445E-002  1.047207797999807E-002
         425           0         138
   2385.86274466720       2.844010144809531E-002  8.949073528099084E-003
        3415           1         139
   2425.76797438303      -2.835945402020438E-002 -7.839606262075553E-003
        3419           1         139
   2505.76743381470       2.840625762761656E-002 -8.413202350233255E-003
        3147           1         139
   2625.58812296220       2.867215609300109E-002 -1.006570919531628E-002
         754           1         139
   2705.60858239387      -2.834127338164481E-002 -5.697735768521633E-003
        3328           1         139
   2785.50304182554       2.865692777642857E-002  1.064484018874224E-002
         592           1         139
   3011.68282440607       2.833637813588665E-002 -1.242729140714313E-003
        3422           1          64
   3171.51374326941      -2.835828850528731E-002  1.589166971832851E-003
         613           1          64
   3265.14279841555       2.837467870160308E-002  7.183916969863722E-003
        3479           1         139
   3291.43943241691      -2.829053877752607E-002 -1.852274977375482E-003
         241           1          64
   3744.74055500556      -2.850459912784976E-002 -7.166738867434637E-003
         319           1         139
   3959.24174187060       2.845393085470265E-002 -1.048530686768527E-002
         629           1           9
   3972.85033758609       2.836964574612662E-002  5.600950259616988E-003
         210           1          84
   4090.76202673359      -2.843538740194922E-002  2.243928508929534E-003
        3403           1          64
   4170.69848616521      -2.842791683443539E-002 -1.814877697454991E-003
        3062           1          64
   4490.44432389169       2.828689938426091E-002 -1.089012808040085E-003
         314           1          64
   4515.82295789208      -2.829595842712822E-002 -8.005469397017241E-003
         343           1         219
   4518.73395789203       2.875670088881293E-002  9.837421745448141E-003
        3643           1           9
   4823.86175733267      -2.843341445619781E-002 -9.560320169054866E-003
         513           1         139
   4863.80898704848      -2.868397236305512E-002  1.121207774116588E-002
         225           1         139
   4863.89298704848       2.837321287844735E-002 -5.976441890594997E-003
        3268           1         139
   4903.81921676429      -2.830076921673133E-002  1.120005169323241E-002
         407           1         139
   4903.84021676429      -2.843801381090858E-002 -8.496264712972299E-003
         700           1         139
   4969.96220548142       2.834809499329469E-002  4.532233725561499E-004
         373           0          63
   5063.71313562753       2.848873670426911E-002  9.384716031237575E-003
        3371           1         139
   5089.94676962885      -2.832963309698232E-002  3.971838188164365E-004
        3446           1          64
   5103.70236534335       2.836550769886269E-002 -7.408312996965970E-003
        3481           1         139
   5303.45951392240       2.871994514403893E-002 -8.267608934469759E-003
         740           1         139
   5369.74537763953       2.851824916801397E-002  1.212760123175853E-003
        3018           1          64
   5463.41643278564       2.835146811503293E-002 -7.201460340164137E-003
          96           1         139
   5649.50198565020      -2.831596405147124E-002 -7.956509575145615E-004
         406           1          64
   6089.15251252412       2.856092058361679E-002 -4.234132993724427E-004
         616           1          64
   6169.06797195574      -2.847792422697275E-002 -2.377605606151663E-005
        2974           1          64
   6222.77079738604      -2.874297494718682E-002 -8.911891900047262E-003
         665           1         139
   6502.54840539672       2.870963090865325E-002  9.690668480593903E-003
        3265           1         139
   6862.26247283901      -2.856467308384016E-002  8.125404514182536E-003
        3305           1         139
   6928.52733655614       2.840190876905255E-002  3.027362537805427E-003
        3536           1          64
   7048.43202570357       2.842371274330051E-002  1.307378260211701E-003
         447           1          64
   7142.06108084969       2.852563687588797E-002 -8.454072135941439E-003
        3266           1         139
   7182.02931056550      -2.837603554501956E-002 -6.536330282955504E-003
          57           1         139
   7222.01854028131       2.842070394292498E-002 -1.125359419063537E-002
        3364           1         139
   7261.94476999712       2.845167912283636E-002 -1.039869385072725E-002
         738           1         139
   7408.08309314587      -2.843365818043388E-002  9.620060771018679E-004
         743           1          64
   7541.72237800779      -2.842821405106968E-002 -8.657850059930012E-003
        3409           1         139
   7581.73260772360      -2.841189869480909E-002  8.126767847883961E-003
        3333           1         139
   7781.55275630266      -2.850527290709585E-002  8.906641330371244E-003
        3017           1         139
   7796.19179458850      -2.835588556285994E-002 -9.574566444498677E-003
        3205           1           9
   7821.54198601847       2.838175558669297E-002  8.432314550752461E-003
         574           1         139
   8007.66953888303       2.830932805234298E-002  1.360128539286708E-003
        3549           1          64
   8021.34113459752      -2.858539214713078E-002 -9.236022904403942E-003
         790           1         139
   8061.33036431333       2.847418822352577E-002  9.498432322979991E-003
         474           1         139
   8407.35183604119      -2.846461575767316E-002 -1.285885040256339E-003
        3202           1          64
   8432.70947004144       2.833452623763593E-002  1.068155596001774E-002
        3520           1         219
   8461.01266147170       2.841759542481367E-002 -9.338267780936530E-003
        3240           1         139
   8487.20942047280      -2.846295795736082E-002  2.057285347275581E-005
         663           0          63
   8527.23552518861       2.849226418030474E-002  1.248632743520121E-003
         536           1          64
   8966.75292706247       2.829925260520725E-002 -3.314989757581989E-005
        3455           0          63
   9020.52587749300       2.838514247359454E-002  8.950378336437640E-003
        3608           1         139
   9020.56787749300       2.837233397095212E-002  9.120981744433281E-003
        3383           1         139
   9060.51510720881      -2.834970218443677E-002  9.686710642534275E-003
        3447           1         139
   9126.69034592571      -2.836178559882633E-002 -7.743522254924926E-004
        3069           0          63
   9180.37779635623       2.835775419250692E-002  1.112860059618949E-002
         476           1         139
   9340.31371521946       2.854174504937516E-002  5.962980435621595E-003
         659           1         139
   9500.20763408269       2.842780715823965E-002 -9.401038780221258E-003
         716           1         139
   9646.34595723120       2.836157351258268E-002  1.521586152397133E-003
        3073           1          64
   9726.26141666282      -2.830151672164636E-002 -3.090511096336731E-003
        2984           1          64
   10325.7848623999       2.848596103597119E-002  6.672966713399195E-004
        3425           1          64
   10365.7740921157      -2.846995331778025E-002  1.139134128297892E-003
        3581           1          64
   10365.7950921157       2.838985549133093E-002  9.037401003277597E-004
        3674           1          64
   10365.8370921157      -2.831003802866319E-002  1.298238033466377E-003
        3586           1          64
   10579.3498364095      -2.838203498803864E-002 -6.260270544931421E-003
        3767           1         139
   10699.2335255569       2.834142619595347E-002 -9.021346927059705E-003
        3184           1         139
   10765.3770142738      -2.844134756478426E-002 -6.494918186278734E-004
        3287           0          63
   10859.1274444201       2.832029627266890E-002 -6.510766240980009E-003
        3717           1         139
   10899.0536741359      -2.859844449345872E-002 -8.708412346249526E-003
         315           1         139
   11138.8840524308       2.860060561597073E-002  8.759889242358767E-003
         628           1         139
   11205.0859161477       2.829917255230033E-002 -9.947905192436081E-004
        3311           1          64
   11221.8155118621      -2.831338596290925E-002 -1.054146059998177E-002
         672           1         166
   11233.4175501479       2.839022905908229E-002  8.362657926282475E-003
         322           1           9
   11261.7627415779      -2.832348736729860E-002 -9.940221925997521E-003
         379           1         166
   11778.3547278837      -2.875580380382973E-002  8.181839676606647E-003
        3579           1         139
   11938.2696467469       2.840718556478765E-002  3.997455235517804E-003
         420           1         139
   12138.0897953259      -2.845972119313918E-002 -9.163821720241539E-003
        3244           1         139
   12141.1057953257       2.831463477178527E-002 -9.769873581552617E-003
        3149           1         166
   12257.9734844734      -2.848082494117951E-002 -1.033434747913050E-002
        2981           1         139
   12377.8191736208      -2.843463032988030E-002  1.252356179432198E-002
        3484           0         138
   12992.0406576434      -2.852756477275772E-002  9.994047291214156E-003
        3580           1           9
   13217.2319976527       2.852049705715281E-002 -6.748422632607953E-003
         512           1         139
   13403.3595505171       2.853945578091248E-002  1.422806212556743E-003
         551           1          64
   13548.6218736647       2.838862412319226E-002 -8.493713130361713E-003
        3450           1         219
   13659.8985245263      -2.835824468989897E-002 -9.196381125097844E-003
         825           1         166
   13711.4057925279       2.858728953651721E-002  9.172557480133882E-003
        3111           1           9
   13776.8082136740      -2.841717811791052E-002 -5.933812254701519E-003
        3247           1         139
   13803.0208476751      -2.838250441105096E-002 -1.202040566688026E-003
         416           1          64
   13868.3677113912      -2.840115969611685E-002  1.014220693008178E-002
         242           1         219
   13896.6709028214      -2.860653090589012E-002 -8.562214255893529E-003
        3441           1         139
   14016.6175919689      -2.837040186877950E-002 -8.723829538063145E-003
        3229           1         139
   14122.7666854016       2.837292328264369E-002 -7.195912865135367E-004
         631           1          64
   14336.3214296953       2.832127783701210E-002  9.357548106654661E-003
         751           1         139
   14390.9496976966       2.833260336587498E-002  9.303130999599039E-003
        3487           1           9
   14695.9934971376       2.901621255085250E-002 -1.026185578964642E-002
         486           1         139
   15495.4000914537      -2.843288904970405E-002 -6.781500142099012E-003
        3642           1         139
   15855.0721588960       2.831477428518264E-002 -1.207315347983503E-002
         590           1         139
   16081.2099414761      -2.847083725392306E-002  8.032625098743245E-004
         452           1          64
   16094.9025371908      -2.860627578486569E-002  1.157351635099795E-002
        3567           1         139
   16640.6745325061      -2.834722707815107E-002 -3.205513347169483E-004
         670           0          63
   16669.0967915074       2.847622802974874E-002  1.106666073536883E-002
        3243           1           9
   16694.4679829379      -2.852153488960068E-002 -1.151286025735405E-002
        3324           1         139
   16737.4522126555      -2.829200072425251E-002 -1.041029050174169E-002
         715           1         166
   17413.8961178464       2.848745304615012E-002 -6.967417054484187E-003
        3155           1         139
   17413.8751178464      -2.852055478474592E-002 -9.364384880613110E-003
        3513           1         139
   17468.5033858502       2.828687094615476E-002  7.307139115997089E-003
        3389           1           9
   17520.0872112831      -2.831123990149078E-002  5.319060462531360E-003
        3264           1          64
   18133.3242527549      -2.846991181012290E-002 -5.906540901972191E-003
        3348           1         139
   18173.2924824720      -2.845146059025003E-002  1.135478305979935E-002
        3019           1         139
   18213.2187121892      -2.887496230385704E-002 -8.662470499382385E-003
         576           1         139
   18213.2187121892      -2.898944130072991E-002  8.757103794446991E-003
        3270           1         139
   18572.9537796434       2.848664826079285E-002  7.908098174801471E-003
        3145           1         139
   18812.7421579462       2.869357008158357E-002  1.060396714075845E-002
         636           1         139
   19012.5833065319      -2.850411339531905E-002  1.146848800499122E-002
        3283           1         139
   19107.1168042529      -2.867850507057916E-002  8.813455673961312E-003
        3065           1           9
   19238.6202141201       2.846842173050966E-002  8.246108889933631E-005
        3141           0          63
   19412.3076037033       2.834176562337960E-002 -8.204921067602055E-003
         612           1         139
   19612.1277522890      -2.833297336199584E-002  1.182655054955204E-002
         336           1         139
   19680.4066160085      -2.836882398178927E-002 -6.313421753984533E-003
        3496           1          84
   19786.6607094442      -2.843537014675927E-002  1.063008910548770E-002
        3386           1           9
   19838.2655348772      -2.830720514693590E-002 -2.132053770447628E-003
        3451           1          64
   20266.2794660499       2.836205676438599E-002 -1.087953273539828E-002
        3449           1           9
   20291.6086574804       2.845146571949397E-002 -1.036610364723551E-002
         796           1         139
   20331.5558871975       2.845300794698723E-002 -1.016905926446854E-002
         520           1         139
   20451.5025763489       2.844352270084696E-002 -8.206034899492214E-003
        3408           1         139
