0.000000000000000000e+00 4.000000000000000083e-03 5.500000000000000548e-03 2.000000000000000000e+00
4.285714285714181671e-02 4.008580000000000303e-03 5.511799999999999859e-03 2.000000000000000000e+00
8.571428571428540977e-02 4.034219999999999820e-03 5.547050000000000418e-03 2.000000000000000000e+00
1.285714285714290028e-01 4.076589999999999728e-03 5.605310000000000500e-03 2.000000000000000000e+00
1.714285714285708195e-01 4.135180000000000453e-03 5.685869999999999987e-03 2.000000000000000000e+00
2.142857142857144126e-01 4.209300000000000021e-03 5.787790000000000122e-03 2.000000000000000000e+00
2.571428571428562293e-01 4.298170000000000462e-03 5.909980000000000441e-03 2.000000000000000000e+00
2.999999999999998224e-01 4.400880000000000243e-03 6.051210000000000443e-03 2.000000000000000000e+00
3.428571428571425272e-01 4.516490000000000608e-03 6.210180000000000040e-03 2.000000000000000000e+00
3.857142857142852321e-01 4.644040000000000321e-03 6.385550000000000254e-03 2.000000000000000000e+00
4.285714285714288252e-01 4.782569999999999877e-03 6.576030000000000937e-03 2.000000000000000000e+00
4.714285714285706419e-01 4.931150000000000463e-03 6.780340000000000152e-03 2.000000000000000000e+00
5.142857142857142350e-01 5.088920000000000249e-03 6.997259999999999938e-03 2.000000000000000000e+00
5.571428571428578280e-01 5.255030000000000812e-03 7.225660000000000936e-03 2.000000000000000000e+00
5.999999999999996447e-01 5.428720000000000594e-03 7.464490000000000708e-03 2.000000000000000000e+00
6.428571428571423496e-01 5.609290000000000283e-03 7.712780000000000677e-03 2.000000000000000000e+00
6.857142857142850545e-01 5.796099999999999343e-03 7.969640000000000057e-03 2.000000000000000000e+00
7.285714285714286476e-01 5.988560000000000411e-03 8.234270000000000131e-03 2.000000000000000000e+00
7.714285714285713524e-01 6.186139999999999695e-03 8.505949999999999969e-03 2.000000000000000000e+00
8.142857142857140573e-01 6.388379999999999927e-03 8.784020000000000022e-03 2.000000000000000000e+00
8.571428571428576504e-01 6.594830000000000310e-03 9.067900000000000266e-03 2.000000000000000000e+00
8.999999999999994671e-01 6.805130000000000380e-03 9.357050000000000436e-03 2.000000000000000000e+00
8.999999999999994671e-01 2.400000000000000050e-02 2.400000000000000050e-02 2.000000000000000000e+00
1.067607657999999660e+01 2.400000000000000050e-02 2.400000000000000050e-02 2.000000000000000000e+00
1.067607657999999660e+01 2.000000000000000042e-02 2.400000000000000050e-02 1.000000000000000000e+00
1.104259571999999778e+01 2.000000000000000042e-02 2.400000000000000050e-02 1.000000000000000000e+00
1.104259571999999778e+01 2.400000000000000050e-02 2.400000000000000050e-02 2.000000000000000000e+00
1.730259571999999935e+01 2.400000000000000050e-02 2.400000000000000050e-02 2.000000000000000000e+00
1.730259571999999935e+01 2.000000000000000042e-02 2.400000000000000050e-02 1.000000000000000000e+00
1.766911486000000053e+01 2.000000000000000042e-02 2.400000000000000050e-02 1.000000000000000000e+00
1.766911486000000053e+01 2.400000000000000050e-02 2.400000000000000050e-02 2.000000000000000000e+00
2.744519143999999500e+01 2.400000000000000050e-02 2.400000000000000050e-02 2.000000000000000000e+00
2.744519143999999500e+01 1.250000000000000069e-02 1.250000000000000069e-02 2.000000000000000000e+00
2.924519143999999926e+01 1.250000000000000069e-02 1.250000000000000069e-02 2.000000000000000000e+00
2.924519143999999926e+01 2.400000000000000050e-02 2.400000000000000050e-02 2.000000000000000000e+00
3.066019143999999841e+01 2.400000000000000050e-02 2.400000000000000050e-02 2.000000000000000000e+00
3.066019143999999841e+01 2.000000000000000042e-02 2.400000000000000050e-02 1.000000000000000000e+00
3.102671057999999960e+01 2.000000000000000042e-02 2.400000000000000050e-02 1.000000000000000000e+00
3.102671057999999960e+01 2.400000000000000050e-02 2.400000000000000050e-02 2.000000000000000000e+00
3.242671057999999817e+01 2.400000000000000050e-02 2.400000000000000050e-02 2.000000000000000000e+00
3.242671057999999817e+01 3.400000000000000244e-02 3.400000000000000244e-02 2.000000000000000000e+00
3.345671057999999931e+01 3.400000000000000244e-02 3.400000000000000244e-02 2.000000000000000000e+00
3.345671057999999931e+01 2.000000000000000042e-02 3.200000000000000067e-02 2.000000000000000000e+00
3.400671057999999647e+01 2.000000000000000042e-02 2.000000000000000042e-02 2.000000000000000000e+00
3.400671057999999647e+01 3.400000000000000244e-02 3.400000000000000244e-02 2.000000000000000000e+00
3.415671058000000215e+01 3.400000000000000244e-02 3.400000000000000244e-02 2.000000000000000000e+00
3.415671058000000215e+01 3.400000000000000244e-02 3.400000000000000244e-02 2.000000000000000000e+00
3.429671058000000272e+01 3.400000000000000244e-02 3.400000000000000244e-02 2.000000000000000000e+00
3.429671058000000272e+01 2.000000000000000042e-02 3.100000000000000325e-02 2.000000000000000000e+00
3.484921058000000471e+01 2.000000000000000042e-02 3.100000000000000325e-02 2.000000000000000000e+00
3.484921058000000471e+01 3.100000000000000325e-02 2.000000000000000042e-02 2.000000000000000000e+00
3.580671058000000073e+01 3.100000000000000325e-02 2.000000000000000042e-02 2.000000000000000000e+00
3.580671058000000073e+01 2.400000000000000050e-02 2.400000000000000050e-02 2.000000000000000000e+00
3.728671058000000471e+01 2.400000000000000050e-02 2.400000000000000050e-02 2.000000000000000000e+00
3.728671058000000471e+01 2.000000000000000042e-02 2.400000000000000050e-02 1.000000000000000000e+00
3.765322972000000590e+01 2.000000000000000042e-02 2.400000000000000050e-02 1.000000000000000000e+00
3.765322972000000590e+01 2.400000000000000050e-02 2.400000000000000050e-02 2.000000000000000000e+00
3.906822972000000505e+01 2.400000000000000050e-02 2.400000000000000050e-02 2.000000000000000000e+00
3.906822972000000505e+01 6.805130000000000380e-03 9.357050000000000436e-03 2.000000000000000000e+00
3.911108686285714953e+01 6.594830000000000310e-03 9.067900000000000266e-03 2.000000000000000000e+00
3.915394400571428690e+01 6.388379999999999927e-03 8.784020000000000022e-03 2.000000000000000000e+00
3.919680114857143138e+01 6.186139999999999695e-03 8.505949999999999969e-03 2.000000000000000000e+00
3.923965829142857586e+01 5.988560000000000411e-03 8.234270000000000131e-03 2.000000000000000000e+00
3.928251543428571324e+01 5.796099999999999343e-03 7.969640000000000057e-03 2.000000000000000000e+00
3.932537257714285772e+01 5.609290000000000283e-03 7.712780000000000677e-03 2.000000000000000000e+00
3.936822972000000220e+01 5.428720000000000594e-03 7.464490000000000708e-03 2.000000000000000000e+00
3.941108686285714668e+01 5.255030000000000812e-03 7.225660000000000936e-03 2.000000000000000000e+00
3.945394400571429117e+01 5.088920000000000249e-03 6.997259999999999938e-03 2.000000000000000000e+00
3.949680114857142854e+01 4.931150000000000463e-03 6.780340000000000152e-03 2.000000000000000000e+00
3.953965829142857302e+01 4.782569999999999877e-03 6.576030000000000937e-03 2.000000000000000000e+00
3.958251543428571750e+01 4.644040000000000321e-03 6.385550000000000254e-03 2.000000000000000000e+00
3.962537257714286199e+01 4.516490000000000608e-03 6.210180000000000040e-03 2.000000000000000000e+00
3.966822972000000647e+01 4.400880000000000243e-03 6.051210000000000443e-03 2.000000000000000000e+00
3.971108686285714384e+01 4.298170000000000462e-03 5.909980000000000441e-03 2.000000000000000000e+00
3.975394400571428832e+01 4.209300000000000021e-03 5.787790000000000122e-03 2.000000000000000000e+00
3.979680114857143280e+01 4.135180000000000453e-03 5.685869999999999987e-03 2.000000000000000000e+00
3.983965829142857729e+01 4.076589999999999728e-03 5.605310000000000500e-03 2.000000000000000000e+00
3.988251543428572177e+01 4.034219999999999820e-03 5.547050000000000418e-03 2.000000000000000000e+00
3.992537257714285914e+01 4.008580000000000303e-03 5.511799999999999859e-03 2.000000000000000000e+00
3.996822972000000362e+01 4.000000000000000083e-03 5.500000000000000548e-03 2.000000000000000000e+00
