4.613491860511469860e-04 -2.834025720662515556e-04 1.759660506532989945e-03 -1.208819004823700983e-03 0.000000000000000000e+00 3.972374360460051435e-03
-6.254544607441108383e-05 1.482466805522567911e-04 -1.343838913853358848e-03 1.604197572667676866e-03 0.000000000000000000e+00 -1.838240516783384848e-03
4.871591232468513934e-04 -1.057438865804486003e-03 2.138664760537957021e-03 -2.546309600649586998e-03 0.000000000000000000e+00 2.296031634586581660e-03
-1.993135274106740389e-03 2.399535455170000598e-03 -4.153373575146403402e-04 -4.367104032358504971e-05 0.000000000000000000e+00 -1.692118344820192632e-03
2.732623729616182138e-04 1.520083520537941562e-04 8.163964110795012170e-04 -1.088186109848012596e-04 0.000000000000000000e+00 -7.344315529185241331e-04
1.570494306232080028e-03 -1.050449819657693238e-03 1.937881753378835467e-03 -1.580745551976515430e-03 0.000000000000000000e+00 -1.460131823408650220e-03
1.888613119758742777e-03 -1.539569408659329864e-03 8.290282357522087619e-04 -8.327526171548759761e-05 0.000000000000000000e+00 3.140373387298334151e-03
7.302500240602828423e-04 -1.034928239295886338e-03 2.053029960836350205e-03 -1.439796952889974739e-03 0.000000000000000000e+00 1.905279272951254654e-05
-1.494206148626492934e-03 2.401324672431647076e-03 -6.221966854883614851e-04 9.915992323195461054e-04 0.000000000000000000e+00 5.241404692424289635e-04
-8.144826985986480588e-04 9.749725695327095699e-04 -4.246245026553916130e-04 -4.447034802377438463e-04 0.000000000000000000e+00 -1.531295909131813460e-03
4.109367621718636643e-05 -1.898434898376240537e-04 -8.969138205190665871e-04 8.573609987328561187e-04 0.000000000000000000e+00 -1.638780638275605384e-04
6.275801556710980606e-04 -5.121613344867770529e-04 8.457123586256408854e-04 -3.985397231112003673e-04 0.000000000000000000e+00 -2.565924585893553100e-03
1.833470225573840227e-03 -1.574621123213701618e-03 -3.836597244601566264e-05 1.403408999779007932e-03 0.000000000000000000e+00 -2.188459258444686029e-03
-6.912306899080831709e-04 6.285095251597358707e-04 9.679553695793372383e-04 -6.859814880579280603e-04 0.000000000000000000e+00 -2.785114239084895971e-03
-7.243242989247752721e-04 1.512764913699282676e-03 1.418208434787108889e-03 -1.567340535588493226e-03 0.000000000000000000e+00 2.804000315817956057e-03
1.872393849755933344e-03 -1.228688051573628964e-03 2.255217318062828144e-03 -9.648610589327287230e-04 0.000000000000000000e+00 1.597903024031954722e-03
-1.426592169075600056e-03 1.432763230246916765e-05 5.181896856477001372e-04 -9.026688123199213144e-04 0.000000000000000000e+00 -9.173143967906582930e-04
-1.258820484647669340e-04 4.437364796492711694e-04 -1.184952471985940153e-04 -8.113676144138455516e-04 0.000000000000000000e+00 1.091526367095863037e-03
-8.836628611993175989e-04 1.809435178119923838e-03 2.596780697602197718e-03 -2.737745227160237431e-03 0.000000000000000000e+00 8.177803200671851513e-04
-2.226476541998588608e-03 1.549356549163691732e-03 -6.115181015938951029e-04 2.587308520152406251e-04 0.000000000000000000e+00 4.957560379438286091e-04
-2.173201544150049278e-03 2.097750975921378654e-03 1.504013549499814799e-03 -1.238920389351044152e-03 0.000000000000000000e+00 1.375599094644575082e-03
1.104695902165682552e-05 -7.215371005292402738e-04 -8.454222814142794095e-05 1.476059152411334690e-03 0.000000000000000000e+00 -1.755141566134987841e-03
5.969464165451679330e-04 -7.746052850020189885e-04 -3.799319473148471361e-04 1.462429518670250745e-04 0.000000000000000000e+00 2.024238371399533776e-03
-1.327652355654538935e-03 3.706667513827399544e-04 -6.513358801380838984e-04 9.516539125633299194e-04 0.000000000000000000e+00 -2.107444820319770429e-03
2.621197521741177629e-03 -1.977221716449093121e-03 -1.574073621712358242e-04 -6.663935477261958206e-04 0.000000000000000000e+00 5.378129513572416087e-04
-1.345721117185800153e-03 1.986356046049824430e-03 7.561402533032570393e-04 -1.215234155865230811e-03 0.000000000000000000e+00 -6.191846405119161290e-04
-1.284845796516103679e-03 9.248314155209789349e-04 -1.605209666657787966e-04 8.615933745829203617e-04 0.000000000000000000e+00 1.929104746138943227e-03
1.817245585324175298e-03 -8.314686698068446749e-04 1.154113642126454995e-04 -2.079454812986315261e-04 0.000000000000000000e+00 7.144940608272420945e-04
-1.223552527446971499e-04 -8.351691246083690597e-04 -2.244210491807259802e-03 2.729866878278837308e-03 0.000000000000000000e+00 -1.373078992918941310e-04
-8.279382585358673703e-04 7.764077051617747924e-04 1.690466126306044460e-03 -3.239743938097505282e-04 0.000000000000000000e+00 -1.679858946046275392e-03
1.212071338714031110e-03 -3.428414218688521139e-04 5.196249649608785607e-04 8.375588575666518794e-04 0.000000000000000000e+00 -1.152859879694156930e-03
6.363431642070560904e-04 -1.266229121451881547e-03 -8.883932156338156163e-04 9.464976217623422700e-04 0.000000000000000000e+00 -5.620881272103694926e-04
-1.115818036598843505e-03 -3.506161839071170660e-04 -1.393641464803847905e-03 1.714068840211859087e-03 0.000000000000000000e+00 -2.156392432764997480e-03
-1.207013032581661163e-03 5.868143311514881309e-04 -1.780861916173231150e-03 4.589764879879072355e-04 0.000000000000000000e+00 2.231711289235605022e-05
1.574544626368985529e-03 -2.050431123849874929e-03 1.446075647809313362e-03 -1.351557204131314258e-03 0.000000000000000000e+00 -2.905768422681864749e-03
1.380700896614428324e-04 -4.956869325781335968e-04 1.422287371506869916e-03 -7.237289969433687671e-04 0.000000000000000000e+00 3.631482714579248317e-03
8.810032844132797058e-04 3.767694346308779973e-04 2.671898460946703859e-05 -5.557279104375942389e-04 0.000000000000000000e+00 -1.043996802242874722e-03
-5.783047399333267119e-04 7.267282048545157819e-04 -9.475305851371258487e-04 1.162116996727372877e-03 0.000000000000000000e+00 2.587809428267195955e-04
-1.562587759787081171e-03 1.424947411713643189e-03 -5.380968904974930793e-04 2.112877402629014043e-04 0.000000000000000000e+00 6.894855290739965170e-05
2.136913216073032997e-03 -2.331693467218365692e-03 4.270293235691452124e-04 4.616450126079414944e-04 0.000000000000000000e+00 -1.567038348195826103e-04
2.681706792599545196e-04 2.826161953244053578e-05 -2.126955653903859263e-03 2.349035506161964524e-03 0.000000000000000000e+00 -1.864134479155010737e-03
2.545679130371483051e-03 -1.375735369221502006e-03 -9.316895859524823662e-04 1.167944379992772895e-03 0.000000000000000000e+00 1.463448129654487673e-03
-1.734378314291649904e-04 1.234391853257649696e-03 7.912999079951211221e-04 -5.231521341826389938e-04 0.000000000000000000e+00 1.832611939244221944e-04
2.376205858071879333e-03 -2.104733912344404576e-03 8.333894629295341425e-05 -8.904435483100102281e-04 0.000000000000000000e+00 7.890527571842165244e-04
6.140805193607155963e-04 -9.294289460257174182e-05 1.101640333580211715e-03 -7.797122481343062928e-04 0.000000000000000000e+00 -3.770583319222309271e-03
2.409592363423080101e-04 5.446708883175087725e-04 2.842044710193649825e-04 3.164032022083845168e-04 0.000000000000000000e+00 2.954474116216743163e-03
2.674143175143216689e-03 -7.226632958231540751e-04 2.006548051008711069e-03 -6.495164066222238949e-04 0.000000000000000000e+00 4.155022373697470073e-04
-8.308745763169946702e-04 5.102892922294781711e-04 -5.350811483194371039e-04 -6.310359573757980556e-04 0.000000000000000000e+00 -1.654433670935206990e-03
-4.513042885600377090e-04 2.831319458810405902e-04 -8.544296337141254203e-04 -4.875816401861364220e-04 0.000000000000000000e+00 -2.105825845773123817e-03
9.574780585057157851e-05 6.717854273823053741e-04 -1.682269358453963685e-03 1.611297434792509538e-03 0.000000000000000000e+00 3.338675147223413298e-03
-1.016437819359812880e-03 -5.519861641646507422e-05 -1.771328572832355300e-03 1.316646869897579843e-03 0.000000000000000000e+00 1.336151853928102540e-03
-4.567855973880603228e-04 5.211969239296871271e-04 -1.337163595211785612e-03 8.058507263199034092e-04 0.000000000000000000e+00 -1.128670883302484995e-03
-8.995039977715997819e-04 1.013118807020407233e-03 -7.653000827311576531e-04 6.382099481578722448e-05 0.000000000000000000e+00 1.288808298977706102e-03
8.747561138309096216e-04 -2.552184818431730900e-04 -9.902508986506378726e-04 9.849810748579095922e-04 0.000000000000000000e+00 -1.063105805176878249e-04
-1.281642566295467271e-03 1.648823045225315245e-03 1.111611480198700878e-03 -1.382015569763792029e-04 0.000000000000000000e+00 -1.392779746025585297e-03
8.454275510981112322e-05 1.087270098852226091e-03 4.047059889524698244e-04 2.810819164751366403e-04 0.000000000000000000e+00 -3.558519925792591465e-04
-1.639098317993967820e-03 2.272101211711057001e-03 1.592447372107413765e-03 -1.677728086997552683e-03 0.000000000000000000e+00 6.616882326112571988e-04
-1.228081567022853374e-04 -6.758261879501621921e-04 -3.869109549092644208e-04 1.033345785705246165e-04 0.000000000000000000e+00 1.814952704651817683e-04
8.961642630649321092e-04 -1.273569768602229391e-04 -2.997350824549765784e-04 2.240688130058143736e-04 0.000000000000000000e+00 -4.272365767457042551e-04
-1.885565469833729284e-03 1.861820144903239722e-03 1.591707233625927129e-03 -1.678650097581698645e-03 0.000000000000000000e+00 -2.196666912295253127e-04
2.288324082018033262e-04 5.334858327310372213e-04 1.071012628831443606e-03 -1.558027488052790913e-03 0.000000000000000000e+00 -1.909217770335924769e-03
-7.658082968293148003e-04 1.396508260110353910e-03 -1.601949042016965292e-03 -2.014903055751135835e-05 0.000000000000000000e+00 -2.761567126243313908e-03
-4.541858307641275238e-05 8.478751142561075007e-04 2.077977842379052746e-03 -1.302324555257968397e-03 0.000000000000000000e+00 -2.585367699785345863e-03
1.418241589460756671e-03 -4.741655921748849450e-04 9.801390133363605418e-04 -8.800847078012691456e-04 0.000000000000000000e+00 -1.228732134284982180e-03
